33120529
12863649
11200350
2294439
2366352
2150438
3038690
3719912
6907569
1499250
3150682
1801043
1131294
1038815
1812114
981994
1774383
1010402
1990588
1094408
1043918
1830315
1356931
1134446
1042419
1019254
1105270
1594261
1664314
1058891
937308
1033952
1758937
1543200
1542193
979082
962983
1589938
3009479
1591175
954186
1570134
1048481
1637818
1064077
1662903
1005851
981125
2911672
956240
1852284
1571448
1610385
1135038
972565
1494438
1543302
998862
3253616
1110286
1157902
1519312
1028149
1261447
1001352
1207907
1584536
1144678
3234124
1021602
1100645
1060539
1735058
1439449
991245
1632424
1656856
1811892
1491962
1643498
957212
1511738
1843745
1585955
1042144
1023234
1544399
1544677
1033590
1536981
1570564
1077691
1042633
1544075
1789630
1061636
1675521
2576441
1070842
1592944
1073960
1034062
1039579
1195117
1618917
1209360
2352642
1115738
1812041
979771
1354887
1011142
1027536
1622579
1106779
2519055
1000598
1056111
1684186
994274
988145
1719684
1023305
1599113
2144229
1123847
1056857
1012892
1688571
975193
1676222
1649710
1667266
2122445
955521
1959233
1297514
1070109
1597348
1070909
950931
1475886
977085
1034725
1651188
1421833
1294632
1567114
1059109
1649265
2186803
995908
994841
967685
1636861
2241969
1055120
1902093
977237
1056338
1372136
2339865
2114600
1070135
1281290
1465450
1249300
995082
1766903
1157626
1141411
1029253
1452721
1540563
1685757
927999
1569003
1173095
1147366
1721914
952653
1212969
2507166
1973995
936038
1108198
1068129
1045836
986319
1097629
2401361
1639267
990616
1774821
1566310
1593211
1040114
2443023
987367
1608298
1172923
1081955
1262939
1522719
1055047
1623615
963848
952858
1164296
1020124
1052082
972097
1663825
1367370
1248697
1507434
988018
1902329
1634677
1560906
1664039
1574097
994372
1809004
985944
1671940
1094869
2845725
961055
1684480
1076354
1205817
1090180
979287
1856380
1095522
978298
1020614
980609
970905
1158640
1665919
2332724
1249474
1008975
1441888
997195
1044582
1684895
1720801
996480
959341
994856
1621359
1022785
1383853
980037
1931033
1463432
1532628
1160042
1714438
1034762
1010920
2238892
988670
1081420
1566019
996620
1144360
1118552
1989271
1016218
1027892
1617598
1740307
1061951
1677449
1021442
976136
1675256
930176
969829
1091210
1173212
976154
2241837
1625493
933017
1722087
1036425
1058970
1279104
1067352
1051909
993947
1539352
1750751
1666384
1043598
981855
2283147
2588599
992640
1029999
1049096
1080327
992145
1902570
998995
971561
1027230
1122673
1118272
1076889
1012993
1891912
1014971
1539072
1741511
1898366
1592622
2135937
1872042
1547607
1074496
1641224
1724686
1009298
1081365
2877417
990754
969329
1064807
1147014
1711018
1032769
1914046
969689
1091854
1004202
1630836
1701954
1231345
1708781
2346301
1684110
1654351
973524
926616
1559683
1481282
2443242
1109967
1771338
1566746
986664
1028246
1068421
1722497
1007159
1036732
1075366
1105536
1533267
1521680
1014691
1936146
1673287
1117509
1679719
1650351
1672327
981188
2289224
1562330
984403
1272090
1021415
1106404
1653662
976775
959385
1463274
1646440
1125988
1636717
1674094
1439807
2470601
1534261
1642556
1805933
1541006
1608365
1585735
2290033
1311750
1654876
989841
1586793
1681649
1533734
1009512
1987050
1191538
1049877
1577568
933406
1052738
1087170
2094576
1664226
1638221
1001854
1677808
1164677
1528762
952713
1626960
997548
1056353
1612638
1677648
1617616
1735124
2351400
1027791
1388821
1535328
1666241
1615688
1629701
2160822
1121418
960524
1035629
1061864
1649133
981233
1106637
1004945
1144898
1023440
983983
1756132
1704756
1140234
2427451
1292050
1019008
1743172
1037015
998612
1497961
2352005
1075288
1559408
1681245
957664
976412
1696720
1172483
1595663
1660778
1026757
1257492
1034008
996265
1634344
2169305
1141802
1251883
1732061
1059705
931663
1029183
1702788
1641739
1543354
1154138
973707
1558535
930113
1624375
2262908
1122063
1182337
964161
1610113
1053943
1536834
1032314
992175
1037920
1479659
1693948
1597200
1139138
1630221
1786855
1595373
1681173
1554675
1022465
990746
1039827
1957697
1675076
1148997
1077558
1648328
967073
1032909
935372
957553
1021530
1176983
1074537
1062492
1046061
1592915
1678059
1854673
978006
1716737
1875931
1026933
991514
2374372
988605
1644391
1030165
974661
1375631
1200109
2499301
1643056
1703249
1103095
1047464
1599225
1054569
1548600
1889053
1095933
1680013
1047889
1867512
980309
977625
1834525
1025844
1071451
1012523
1103541
1040675
1188476
1776346
1586295
1284218
1830123
1644307
993201
1937495
1531080
985910
1776936
1289063
994323
1725774
886671
996044
2002483
1568126
1375032
1064858
1039454
1030923
1726736
2603162
1566904
1420766
1333576
1661838
1667747
1033148
1601543
1831109
997327
1449394
1535796
1568905
970086
1036622
2143033
1644458
1137188
1640388
1106907
1596306
1025565
1844727
1531826
1080170
1019658
1073255
1064517
968377
1625105
2143355
1534313
1646679
981889
1679455
1448131
1614182
2567544
981574
1570740
1527622
999845
1180645
971492
1208078
2216591
1028165
1519953
1611356
1380402
1776637
1547242
1967559
986203
1763633
1585635
1110410
1299943
1039914
1624248
2376664
1122632
1318317
1000796
1014929
1026610
1595211
2468650
1023613
1079321
956136
1389834
1593064
1466644
976679
1069275
1258495
1607799
1000031
1556375
1644788
1564541
2118504
1082833
1149833
1540883
1447611
996799
1198865
2202043
1118935
1044155
1035400
1120394
1401594
1212247
1020133
1350699
1532189
1129685
1753450
1060027
969860
1266662
1816568
1675402
1582861
1012826
975889
1658083
1583848
2577379
1507845
1079525
1399245
1254596
1022616
1126669
1004850
1903479
1164901
1510332
977811
1879796
1097904
1017763
1629307
1838125
1858572
1938373
1487709
1619387
1791735
1685760
986557
1006413
1310451
1374462
1492416
983541
1725014
2355540
1639956
1415684
975508
1010316
1593204
1017336
1087701
1561175
1060290
1085935
952454
984892
1788771
977030
2527451
1710531
1662406
1601614
985048
972987
1504819
2599460
1537131
928498
1015153
1650490
1599080
1650849
1160389
1019234
1034231
974423
1061335
1082950
980513
1639104
1831198
1580888
1633431
962135
1840876
1057457
1164952
1572595
1415911
990101
1083775
1537682
1801586
1052110
1154200
2356441
991782
1414117
1545434
1497124
1357853
1581686
1546018
1036692
1818310
949578
1130316
1364158
1541290
1126631
2368935
1112622
987390
1097492
1698345
1046930
1076762
2386698
1713521
991289
1062976
1059796
979918
1018983
2000025
1762444
1571614
1186971
1591266
994512
1588291
1742739
1113553
1486315
1557430
1013215
993258
1141661
1768354
2622079
1014433
1029276
1443097
1728754
1009123
1221323
2915559
1587134
1119077
1586968
1687410
1230822
1516776
1932176
1045879
1171191
1028333
1105407
1260564
996224
1680115
1011612
1240561
1045225
1026407
1046059
1704857
1174870
978163
1042035
1191064
1477439
1748741
1001939
1443880
1671096
1649500
1843898
996463
1065860
1011237
1636857
2440675
1985747
1887787
1032136
1588335
1140385
999451
1591404
1056689
1039981
1046762
1489527
1031616
1484452
1041441
2165506
1583360
1615596
976339
1715923
951575
1148953
964152
972636
1480750
1474474
1179461
1104879
985265
1178284
2376860
1945472
1036287
998660
1049118
1154738
1007714
1810656
1302040
1044281
1091741
1141250
1617779
2006221
1744348
1953803
1026253
1491698
1388344
1431964
1053608
1566544
2355346
1043420
1278670
989878
1391488
1222194
984155
2113052
1037505
1530179
1272674
1235107
985027
999782
1042330
2375882
1012617
1619095
1726394
1072895
1673356
1035242
2426073
1566195
1030935
988779
970995
1721116
1051107
1809657
1555913
1594722
1307120
1129478
1059860
995086
1534738
1893317
1635765
1273446
1510703
942932
1566376
1031956
2150451
1638951
1022220
1022692
1705341
1581463
1601340
974200
2258610
956561
1663628
1598112
1675935
1600639
1554262
1790451
1592906
1597760
1109517
1542929
1003139
975559
1119424
2258217
1890135
1875873
1120871
1072219
1536920
1013385
2160092
989439
1588530
1649214
988015
1829585
959390
1034349
920580
1170156
980983
1152254
1148655
1083829
1715170
1362801
1350281
1432414
1597446
1559930
2239861
1021328
988424
949044
1796133
995720
1096257
1629193
1556175
2692037
1614659
1081747
1027221
963325
1143462
1022986
1569676
1650971
1759519
1023064
981051
1714782
1688425
943833
1552568
1090832
1071157
1031977
1041085
983024
1086849
965032
1162963
939423
1593886
999604
1411267
991155
1049996
1446156
1059516
1078018
985024
1008403
1044475
1896517
1106395
1043661
1011236
980802
1060926
1200373
944364
1021607
1760304
1151694
1043625
1027244
1075738
974982
1109232
1024240
2510725
1048980
1065946
1028682
1011269
982813
2205679
2023732
1085569
928202
1134800
1800358
1057745
1930981
2003299
1050055
1681034
1341251
1616598
958909
1456019
1244677
1847505
1372047
1743207
942815
1556578
1188068
1015582
960899
1471481
968399
979213
1885194
1359999
1016741
1066005
1077845
1015915
1579723
1676323
978879
960834
1010750
1411828
1611519
1537951
1072160
1879351
1555802
1059592
2071812
1521499
1641857
1115247
2136871
1713399
973371
1673426
1585081
1513803
1121020
1650835
1027343
1444072
1748934
953369
1060556
1646848
1582370
2576828
1246943
1012258
1621301
1073340
1088759
1020818
1781086
1034154
1204554
991708
1012084
1008919
1150330
1201498
1547490
1029781
1010582
1052801
961003
973514
1629169
2956315
2070819
2051900
1568175
1698969
1942381
1960070
1065440
990260
1052137
1883905
2261493
1755732
1032300
1709209
2429126
982772
1024754
1078561
1584697
1488530
1000896
2496836
1625102
1569698
1065158
1096775
1044208
1036556
1018340
1106603
1174921
986580
1149099
1125547
1005572
1007581
1678535
1099190
992976
1114092
992828
1135057
967870
2039024
1910175
1004118
1877164
1001980
1954879
1455397
985087
1015366
1957256
1071718
1490485
1464740
1581049
1786742
2255007
1119102
971665
1020196
977011
998699
1710613
2472799
1471491
1010721
1039236
1056622
1152873
1015049
1871954
983701
1034669
1032420
1021987
1625577
962982
974228
2589977
1651418
1445055
1506476
1537487
1018956
1608664
1686732
988524
999599
973504
1011688
1627650
1680419
1093994
2466513
994359
1000440
994351
1002649
1734283
1554672
2536935
1040292
1595686
1056002
1650447
1653620
1100607
1881866
1027219
1069905
1603651
976476
1022220
1040183
993206
2275123
969336
978011
1071218
997357
980174
1244438
2207558
1499130
1084819
1001676
994049
970886
1112307
1002509
1195449
1098403
1003894
1133403
1028364
1024221
1878457
1955393
1742055
1714193
1064028
1711689
1067332
1811447
2347611
1298701
1117685
1031263
1431327
964075
1534760
2460538
1110599
1674649
1542687
1679762
1651583
1052110
1578829
1859163
1512819
964883
1291588
1036513
1607913
1744327
2126704
1076716
1410232
1014595
950274
1726956
967917
997587
1664488
1073854
1078692
990725
1007918
1653220
1003246
1671201
1018017
1065452
1681833
1765952
1812266
1018106
1844035
1039409
1880531
1064692
1986434
1826902
1056233
988094
1773008
988799
1595018
1314458
1463768
1026370
1585534
2851005
1039323
1174557
941303
1039475
1602595
1583003
1027328
1783218
1678141
975978
1466692
1023810
998766
1034757
2135976
1022484
1029545
1605224
1449581
1557628
1728334
924599
2207114
994711
1261164
1216835
1719386
1057940
1007821
1881956
1298311
990136
1617349
1008858
1015658
1214341
1364355
1515213
1532112
1013592
1140914
1060295
1022469
1609040
2496875
1239377
1002261
1644989
959559
1691346
1662194
1998875
1034491
1635788
1002160
1010258
1517635
1762232
1427547
2459523
1315577
1590541
1837251
1577764
1589649
1646180
1946348
986801
1025053
1009059
1088697
976278
1689617
1963883
1036904
950445
966714
1695417
944680
984878
1010370
1718745
1434801
1162496
987540
1743521
1019021
1755967
2104318
1991303
1072289
1046077
1069443
1046646
1033985
2027350
1088157
961119
1087944
1201103
1553606
2335525
1893059
929564
1793634
1949986
1709358
1058996
944810
1638548
2407916
1683822
1829086
945966
1658039
1131188
1088605
2419343
972928
1743438
967946
1771347
1127159
973078
1513961
1292766
1507917
1548443
1075358
977524
1593681
1585832
1968849
1646693
1018836
1708098
1374761
1774179
1587287
1598443
2207222
921943
992508
1587504
1519461
999851
1012706
1534510
1055841
1000474
1024346
1519938
1595649
1668987
1315852
2303651
1035734
1015974
1091995
998044
1255118
1702686
2569248
1645281
1036756
1201167
1244660
1633308
1020275
1843469
1073876
957159
1052512
1461776
1018573
1084919
1359577
2155945
1009775
960602
1729523
993437
1037497
1816112
1690226
1122555
1149054
1046099
1086380
1022259
1152154
1578573
1002218
1037117
1026537
1054201
999006
1061738
1417860
2225121
1274226
1004646
1480803
966976
1143643
1499763
2143882
1675327
985181
1368759
1093277
1029424
1005279
1080605
1548846
1043598
996569
1050025
1122069
969215
1114336
2226280
1463795
1237860
1597052
1272143
1526320
1565496
1756522
1226816
1006248
1137993
1012748
1020233
1091855
970434
937917
1040599
996265
1006634
1104761
1070803
1152534
1638441
1060040
1046994
1682548
1101924
1727890
1870449
2568663
1069406
1888081
1016431
1718011
1613956
1553970
1009122
1020027
1539008
1650948
1651435
1343854
1646709
1877274
1058795
1016375
1287163
1043347
947264
1134100
1054141
2215949
1730278
1533931
1042886
1020930
979667
968158
1891794
1062898
1825753
1814710
1226244
970268
1828286
2542644
1592430
1102392
1334772
1030901
1231946
992030
2086496
1039603
906644
1012934
1149713
1126083
949366
1022413
2340728
995455
1000927
1010230
1248404
2068962
2207512
2137615
1012543
1153826
1614750
1590549
1016752
1473875
2411345
1646805
998494
1730772
994841
1017682
1064804
1662842
1046017
984434
979649
1565329
994529
1077899
1544826
2015956
1763277
1570975
1054331
1052629
1038128
1130128
2388766
1581323
1015421
1112463
1643950
1656129
999392
2397873
1000636
1029079
1099960
975635
1002052
1370991
1014044
1971309
1667857
1093143
1506948
989694
1687669
928429
2654179
1531007
1598228
1094082
1004329
1622223
1587365
963868
992301
1930625
1673228
1851384
990204
1105654
1024793
1015035
1598059
1155018
1127122
1005120
965524
977148
2086314
1150241
1012273
1061271
1672605
1365631
1731362
1883388
930610
1727502
1040974
1492965
982315
1654921
1720367
1555356
1043509
1699074
1133656
1423000
966061
980153
1946172
1710657
1023523
1049861
1705010
1653253
1589660
2191817
1581866
1085598
1609959
1569163
1648517
1017688
2595879
1107873
1289040
1012119
1059869
1444625
1782075
1040565
1719538
1585588
1018372
1032725
948889
1150978
1656928
1853582
1526951
1595226
1776993
1673246
1054976
1008169
1797535
1088725
971837
1028421
1040892
1027210
1016894
988380
1895790
997083
1097385
1043977
1056624
1986992
1655067
2642864
981608
1034852
1506937
948699
1121091
958593
2425774
1011860
991080
1051896
1269903
1420813
1665780
1969841
938257
1668159
1012233
1091327
1823856
1084133
984563
2641193
1120648
1013796
1602514
1649917
952912
1721397
2072985
1426709
1712132
1624365
983033
1067072
962589
943558
1014783
1121525
1210158
1208216
1766772
1073411
1032337
1295058
1586755
1712157
1549760
1467252
966468
1105656
2079230
972163
990013
1243235
1768838
1029411
1020739
1653263
1067043
1001137
1027126
1042488
984334
1841177
977699
1065932
993671
1023294
973770
1227980
978325
1728984
1656468
1439054
1017679
1046607
1060515
961810
1624020
980496
1906018
1604145
1645388
1304411
1884841
1956689
1649957
1838056
1027204
1026673
1038226
1001899
1077619
1573169
2042039
1457712
1385363
1663287
986749
1621733
1218448
999507
1032006
1678902
1046243
1227363
1016673
954095
953176
1788066
998735
1672893
1696778
1021792
1005680
1118041
2425803
1577663
1408602
1204495
1019817
1673933
1198955
1061050
1186065
1788558
994909
1011998
1118772
978227
1695938
2328916
1325486
1099022
1266115
1048093
1460726
1755912
2286160
1079931
1034277
990510
992881
996545
1432173
1691427
1110581
1570336
997707
1635089
1648722
1412539
961241
2444583
913284
1007188
1708304
1251681
1829252
1049233
1951479
1029151
1075122
985407
1635951
1136446
1571244
1909388
1759561
1575284
1521304
1072466
1014222
1013518
1087127
1030183
1049116
1184100
