29966228
34325450
29274638
36059011
41193738
28951714
26358885
33176632
26005047
23289230
21248551
26353796
30292505
22624534
31149858
25855060
40549867
28776224
26340380
24710943
24539722
34250316
22622849
22563710
21128220
21690530
32167820
31111779
26716922
35588561
26440803
29894825
31043456
26817923
22369238
21833668
43517936
30955510
24486524
30516389
33611273
27020382
27678662
27155662
28094588
25999936
27838700
28480141
22436861
23146577
23814369
27991585
28004967
26283427
33473237
36279002
28785538
20782096
22021610
29647371
27017435
22681801
27812928
31472736
18954281
30419975
24404964
37089328
21306650
28827839
23968440
30113639
19142517
29634482
30191514
29728639
25104008
23894592
34162138
21747459
34100344
21785714
23038305
31857448
23594717
22201827
31083448
24639137
24145857
26419570
27410379
35861125
23200210
21272007
31571171
31775192
36000423
27740002
32645732
25925782
28745457
26262423
26865368
28470250
28298437
33120570
29550776
26408959
33131338
30701524
30830842
24222505
28211056
26797942
27302449
24399977
32063249
27759483
27633016
31311288
24186483
27242781
25476718
20325998
30906220
20452576
23502159
28660465
20436354
27617015
27941320
26592248
29298368
31917803
31661822
24642225
23950786
28177957
27885086
33191187
27408645
26579732
28634499
38505991
36513300
38231203
31244493
23197678
28210069
27746321
29310898
31207762
28851167
27256421
25473272
25644821
29041282
18665269
26554984
25984738
22206777
28711138
21596056
33077263
25530550
23434813
34363272
24826034
22179962
21294027
30337050
33057014
39252467
26538906
23741155
31972846
23812448
23629287
29310136
25241255
27582192
26295669
25768860
20639250
26231663
23579595
23671703
29990121
32491467
20697823
21444371
28342164
26532613
22986195
31024554
28607339
26780758
25164939
27017411
28251327
32851939
34833595
22836913
21960328
29498092
30941044
23168792
27148472
26712915
31910900
31644752
30708223
27268049
31750094
32505843
26062091
27019069
29463634
31169984
25676274
22920290
25715288
24065606
30565284
27006116
24146488
29813802
27250470
22326370
33648194
31466153
27622612
28678066
26471944
31515643
19911139
26838375
27496484
21914706
23917495
29687831
34884838
26028378
31055491
27755792
29076935
26831147
33210674
29149984
23643989
25970886
26189399
27004421
27800433
29018705
24131306
34575500
24848915
32491177
25893156
27398751
25865663
24515757
31425041
29803320
25826771
20056205
30761142
36465853
22895786
21129074
28839069
30250390
31545142
24004980
28868215
35640095
26004359
27574121
30465847
28697925
28506943
29288375
31367113
29326924
37541226
22611332
19319658
25622419
28317363
29591567
27746358
25425994
22805156
29038011
29035445
33378125
24406430
25984144
25598814
25773676
27995350
25748806
26898925
21318462
28303689
33248388
23911467
22130859
32171380
33609812
28366392
26805905
30754809
30815163
27812636
22494214
27337559
35475987
28163753
29821360
21755522
25066757
36570050
30622649
25035838
26053979
27872813
24532504
30290374
28693928
31511967
30920554
28048587
24801057
23699518
22929553
31936587
28552136
28916010
28442663
30236697
35396159
32851899
20497579
29585398
25557798
34376188
39255204
26655280
32928583
27847683
22341688
31498116
19172279
24204370
34352994
22203495
25709524
30456661
29595425
25349727
32756214
24978817
19157656
27160316
27806825
25424558
25808311
22073937
30561183
27825549
24158882
26859018
31267885
32735924
23063364
22273955
31288691
28848505
35867723
25646515
26752058
24895159
30059401
22495807
35703551
26583927
21198386
24090925
27990495
22844661
20793959
23922524
26422152
27717389
28714763
35381996
32854960
24462315
31836948
33330919
20880618
19367754
33488017
23528686
24656058
24006488
25662416
23388905
26766662
32867239
26516292
27745180
25907812
25383200
26092202
23887728
21064419
24585530
33065127
30325797
31583059
20110533
33792714
29354175
37600598
31038232
31860223
34583101
24988661
21237962
29650068
25344944
27313686
32059406
29871215
24069148
29449539
27069672
25802360
26291946
22615082
24871196
25788742
28360263
26482066
33970528
23034121
27542830
31472467
24521449
28882428
32142827
21321235
28328670
29358260
32225827
24593310
20782217
28073054
30708436
24545446
27913001
30857321
28968165
24466673
20812205
28441154
29640806
29333983
34947445
28304401
23742091
28577214
28282555
24882843
25538333
27620719
24682784
23574325
37021397
28098431
26351200
23604745
38280357
28085081
23836698
34597653
26805835
20529657
35751866
23128412
37683044
23381619
27066390
21816299
32361303
26977996
28507697
27928836
30521234
25358282
34949563
24595966
19759867
22231966
30667527
19952985
31969634
23475148
27874630
27205612
30671625
24456961
34119594
25734849
34594010
31202033
28131648
28158033
29241678
29811124
30266380
31011200
27159297
24378642
19359050
33278108
33940150
32100414
29830392
26619377
20452355
28278429
24176261
28019557
26240126
29898055
23458777
21894832
34109069
27251235
29180457
19936577
30207469
27324269
30563210
25430225
31722683
27573729
21184095
31383521
32375488
23732447
26882919
28910248
30462818
26234189
27777340
31965003
33184600
23436497
19736511
32556938
34784358
33660602
35598569
26534830
24692627
24840927
24640684
31926696
26169363
28297697
29314504
33193641
25274098
27889011
33738025
29515637
18785301
22876579
25013063
29154288
19319959
21545698
31384173
26703082
31479036
19840818
27775482
26421670
24005448
32127494
22265509
27829895
21600439
26968840
26073490
26060587
28927301
25832733
33039297
30937098
32703014
28409273
30200905
22875719
22855490
29052230
28635304
27392444
23788731
30050032
25605042
25718840
23350021
32642809
22988391
22510209
32022716
22390633
22854377
22535975
25636805
29733946
30760811
27625609
31147222
27238177
30628861
28454807
31329966
28795428
32050771
29215700
27352842
33330456
27864618
19643358
22032378
29784973
28155570
25238035
28399239
27184664
32378544
24456056
23817946
22925670
27631516
30857515
24477548
26514984
29652805
32128517
24926498
27221675
27230675
29030369
30108258
33754974
37141444
27274771
24045929
35016369
29638166
19137609
45785757
29301144
21298236
33540307
24800761
29801423
30845365
27541760
27693691
24409973
23676128
27337944
24248607
31657857
28146453
24498947
35511761
35260566
36156931
31148264
31718775
28319557
24071651
30621078
36301254
28367517
33901285
26071467
32792166
30841313
26746744
20423645
21605910
23687443
30588140
62416827
31637102
22817069
23602037
19688600
26869709
24545303
23871135
27421047
32763553
26777377
32076792
31828293
27188781
29296703
24096141
31620964
20318342
35006202
27011259
35595621
30340624
23806361
29443786
39877565
22264315
23854178
28537555
29944852
27562187
27765024
25844670
35351379
27977981
31303934
28010677
21582864
22127869
39121181
29450651
27121263
21216385
28197527
29928030
27403760
24115397
37693271
33400953
34066711
27711360
23829992
26048731
27864843
28939103
27479207
26982576
23811197
23279888
29926356
28141944
28868114
22383570
24203380
32239546
29753050
23142469
25586988
36077364
27137796
21324054
29564124
22081205
22079090
31756966
27985002
29574020
33405793
22081687
31646387
29624329
25971422
29813928
24926147
28708737
29401689
27679819
27629209
27986464
21150142
27215576
30390584
26371547
26604934
27062569
28158950
34571637
25871158
20313383
23674428
21266512
26394759
28509957
29808649
33273845
29112373
23163831
33909528
25025023
28302684
26000277
23902893
29025742
37973612
27871822
30244274
20040134
21723899
29014859
27276908
31695082
19879651
22844315
26561864
24411957
27547498
25140050
25048199
30799743
23213783
23377262
21944070
28620835
28776978
29869544
20871620
23697745
24781149
28793013
23417332
21626706
31605780
37852140
30816842
37073180
21896533
24788634
26482875
25381069
29933089
19601746
22544423
30042789
20720094
26583129
22610785
26104941
20957819
25784304
32272371
27689433
21657526
24915338
25225291
31593353
26337050
26594864
25082187
24978340
19387286
24131384
27451794
18620457
30625396
33734635
32084964
20543968
19427566
35905092
23298207
25296643
25783080
20139163
25221407
25415283
24503441
19787800
19605439
25019638
25689519
23959522
29151346
27166240
24565764
21894808
29415153
29019110
29568882
29239676
25218225
29001536
26597704
24135264
27196207
34420067
20019589
31359815
33431364
29321208
31871430
24881629
25608541
25477463
26159353
31937014
30370039
30529755
20219801
20210498
22876305
31840360
35651843
24012534
22057600
21768835
30015518
30107995
33468931
26681250
25213516
34308241
26364939
31616576
25020272
21041071
23455181
27750138
29572423
23565049
26917637
34729059
26488881
27959586
23479323
28023714
27560248
31083396
37855427
30058154
35084660
32905453
28785612
26227015
22287704
38220414
27968465
29202617
27934276
22489825
23460987
31951600
20359343
21162942
34428722
21256739
25361589
22610841
24705083
26807081
22690340
28938048
26702110
22907692
25725552
19733923
28273712
27240931
24953348
19166886
23660954
26108037
29806806
23032235
19945868
20641072
24727898
26000669
22531082
31279011
30855088
28319182
27926161
27262559
30281583
26192933
24832225
24596154
