208364145
215449585
236178192
201498210
185674597
197672267
189680274
178683194
206581533
195345359
237767970
190984145
206298794
168937875
177645080
198002232
239858522
187478582
181609798
201827306
193153496
194136935
178938226
193751580
206261935
196514424
223623280
206202067
192004469
206284360
153994172
180453649
161198784
174650280
179645745
190845131
174338063
195730269
175433122
199826368
494903591
201208464
203948172
169541941
178601385
167035506
196325470
201836627
193166546
204737058
187621293
205385913
207396488
196067465
159502996
203863518
239259985
196800591
175603605
207938280
206325417
220534462
240300859
198298466
199819287
184745102
205367604
203100191
197978381
185828914
206118590
200161290
193471764
204640846
205765417
187824481
189920405
207443628
191333543
160286853
206872890
232892902
199201463
216059974
162555270
156892541
209651889
228770384
225075487
205183706
187905273
195807491
195649740
187080612
202743732
193630292
186057162
213854775
142075254
491201457
193942270
218154685
200342719
198456509
166097774
184777265
207272246
168594208
168121865
178212182
159578971
189261152
176518687
186141378
181992649
194675304
191784499
206270331
191731471
169860568
206168743
235715597
207214688
213025891
232871080
200374997
186820403
235659085
187204244
177400667
181230485
197210025
238865675
215963554
196228020
214139078
187138324
186784137
173402448
173748221
199745093
202303859
184564606
200388934
186565854
187293983
148483737
210380681
238500603
211524779
184996941
197068557
171321008
210206861
174872895
163860907
196629043
214263767
194454872
192108697
214611897
215277228
197886602
184622201
184248319
186182872
212558727
213649453
163726202
191658953
250191118
197841996
160979595
189692490
467472639
218664131
204517958
193081780
147522044
157203195
175997498
203215509
183179523
181087308
193772958
188803407
229341329
171037561
215143482
215115304
198501014
206887643
177490356
206866476
214765770
186149230
192650658
198497418
160127890
195612563
227489387
186827576
201047605
211680004
160346188
163453922
169895293
177853861
198242281
200626864
172604529
165871402
166927261
168291698
202371061
204933450
201116224
172569408
180226839
168695206
194314893
202380032
187274601
163221590
173791851
170198826
171501321
145189620
157852648
204402016
257224733
193125212
202321015
200187494
198119042
231272090
178684705
243372102
210854393
183457392
193091590
183068834
201832096
197101301
203904517
182867351
188417272
234300493
211756830
191849781
193899791
158905979
202243495
224223646
219103182
211216673
160073119
171950342
198749214
166048126
175807486
201616186
199053229
176106984
165359485
183872079
191352008
194989634
158621070
165216867
195553659
194080609
165996181
191632935
232625892
176312934
178906083
165766836
187851665
227139925
243204454
213184311
207207671
234128961
202006320
212457811
221809435
172526761
208368557
173431537
161341021
206400306
191944518
172946309
208185641
205534773
193058777
192320215
197012417
183612235
167254364
192922332
239290153
192256711
166493974
169892696
153143920
172154176
149360991
161944384
184336129
158177488
196357048
201023874
211916623
166960625
197675617
234993373
184954085
200074811
167479799
212273226
201475571
187897643
206598092
166787913
163818998
166849342
200080729
206272426
200579324
168140625
184938373
197566180
216942816
177332766
211161274
550689472
229331335
199980192
186036359
212512971
197571528
181608529
196936636
214343024
211976882
199660207
190861840
203279194
205817005
194423730
191177665
222230822
192638964
203448547
203055578
177486841
181903604
154199290
166371892
192151126
229235267
186369604
175985446
200222443
188762879
190552703
268927355
195650019
208074278
208986585
215361860
189900820
188665392
217159287
215017730
179056849
193690502
196441737
181172551
196872859
206712767
249067463
210017854
203280646
165747867
161681601
209584879
197598012
193540561
184814952
223646883
158264310
170312761
170404869
168818194
162068161
192190319
227855930
196411841
176881030
198849226
191329941
250674209
191991764
192470982
209877639
181585219
162518176
209267663
204018960
187132805
196739734
213513743
166287565
163848890
154633371
180985296
201361247
431428868
207882452
203423567
184959264
184666134
227380994
213555998
172737800
223299314
206449312
151751087
172254966
170245204
200078147
200659687
202253915
180682760
149676041
165940852
155904795
195410630
162852663
171766861
198017069
240952186
172496417
193011005
196766501
198039797
196771567
271437891
199154670
203094704
187955841
173662871
171662937
180883613
205702870
196579067
183161798
170997837
201968780
234278052
204389886
198618803
192063434
204527393
246025215
199990343
200675989
185364561
200332665
204308561
209328502
207293873
175030744
206359496
251240072
148417041
171470346
208130686
209957999
190514303
205462371
192466632
211853391
192377977
195502657
180797663
228503803
176463088
147330195
403847169
197551803
184417998
203732259
219649188
191270412
159991065
190337617
209092388
182639152
206502164
196327917
167830629
204754427
195093150
245832110
180046966
183747637
220556459
201883939
195273172
196857823
175932996
197940857
245420070
203732973
179988049
221970224
190419332
166390601
152271659
167558979
171341124
172466185
174041484
153726627
165638216
164932352
177869437
191918500
155194011
153594530
196579944
249660100
209069010
203712681
203332202
203961726
210154753
177078021
171563337
192936916
146513504
193350337
219866686
202329018
204376438
166743683
198766213
197173863
177178641
199895997
177637839
208720104
167863997
161032575
203405001
443513095
247058694
224524595
170732950
199727487
198995985
156422584
212417282
172093398
180750260
185725072
167892919
183757493
169921589
160185437
189836189
183243271
157544246
145509968
197204964
205595921
155705646
175533052
192951203
189833962
211012218
211699863
188895286
188912878
182613173
203139316
189994541
218524315
202358653
197842356
203895947
246570486
192673220
196890603
230481129
174347508
175141983
173741278
163862911
168324368
172317694
175756783
194756813
224294016
193841846
206015677
209039180
207704155
199521408
190391586
192234134
191385964
207334115
190817923
237040192
199025451
197652859
171249302
195470908
230262273
174814053
176950601
204602546
234255274
204344452
195429330
198900114
223236750
177743240
195216095
194053197
164228865
156319814
208663209
240392718
182405895
197415989
194947563
206543163
201982624
215783871
235563865
262178356
175350999
218563372
522432335
220941261
198630777
211638738
206929876
199530475
194909526
172885450
150134585
166708393
155806751
162073543
202363331
226232773
212719482
193679674
208140818
175285315
205121779
224989067
198692192
167948886
201660738
227313665
208675272
213296993
192712377
204308062
186204768
164331288
190540408
214575769
193700495
187469554
220027916
198239173
167591942
208095696
234294334
213499402
201179929
226488305
193928393
162653863
163213401
161451927
172285005
220081242
205094030
197269372
220046546
196029830
194958803
209753991
191350000
176527028
208118170
193523566
195263225
201410599
195066365
204635368
241893784
207768698
169969425
177390940
193936252
194602320
187804972
206807460
194870870
200316517
148014682
191508730
446330109
197317864
203126439
206380025
195231953
199034188
205605396
178710547
188875556
195034434
198731478
221169915
195132936
200185444
214256565
180634177
212738527
200966847
197787555
200992440
247982771
227044550
198722069
205637312
187639082
181314704
169728702
205426152
237995588
181417916
215409093
177350341
177286420
194788105
190997449
193165957
188549399
203107065
234454412
201537724
200995074
205781204
213565818
166847019
170284830
201312986
459245900
218319273
177865298
182389313
234754113
204292985
189085680
209133542
196160400
211914988
194689669
204838908
183070930
198607468
180256089
180876167
150689328
167172102
183391565
208996113
182887570
253007476
163261113
182458577
165662793
213205529
198572348
196265196
182962899
191745475
172021802
188204719
275378514
228159304
188363722
204401476
201479670
236261574
212344582
198664143
207064372
204198858
193115435
176659237
199356352
187168949
207803010
195919108
205840620
171060230
171898748
152030090
152088633
144492434
186423850
241867329
188346865
195675635
193386365
215942034
246148018
194708381
205842904
203123276
241412123
206164061
224327984
172919612
158616429
200669361
196459192
219067782
200608460
201988907
206174824
204841808
190882548
185086639
173257184
207667041
189271114
179920053
181332242
415791613
177785195
191472973
195464928
218842192
173364110
207034011
230911982
218873461
161216947
161073602
182210021
156589999
172294613
157640132
171451770
162439313
208603773
234148322
197937658
181266499
186765464
193754101
220348721
150714175
199388349
235289356
193623883
201360491
181773594
172183824
182699456
204449234
179822609
209079755
184072376
198829994
184219273
192435105
177060475
191070607
196764158
199046336
213294120
203066265
188134839
183860667
193408913
188327488
173378860
165212203
211617061
183708412
191238885
225636052
205119838
184973285
197598908
189844129
191355620
382659009
232363225
209396287
185353135
203975020
174118635
225356974
179283747
174156850
193328569
189205584
188680038
193870508
199129924
167993524
207898445
231607901
189904288
174138952
156023024
188347109
254855526
181019611
212276285
212341230
199630032
160066090
257505518
199768251
224654208
204976782
174683875
242589938
228018316
173131579
202037469
199902541
161987677
183752204
195110532
224137867
192463972
220311172
156741216
160345883
165967416
170350484
142353117
207454377
164343422
148185254
207483096
233725588
208997177
180332872
195907426
198423754
192817813
205185625
161243118
205410207
244201899
199364315
207473950
212225823
194028309
200999804
202215762
192463997
199973393
193178947
178213443
197181323
178986346
164862572
218045584
237009630
198463856
160118899
163341611
160362828
219586959
173555821
172342858
213693281
205052071
175315545
166669738
