27896601
30016106
24615706
22854108
27170664
31137969
26626466
23409645
20526536
24309115
21135304
22687337
22211450
22046837
18611221
19622676
21866003
22514572
24166054
23572266
25040319
20321579
19029803
22260294
21375914
31849888
18487499
24696442
24629263
27451061
23400345
28725732
17300377
21479009
19842962
23298215
21884520
19983172
23455559
25415671
25018512
20186571
26029184
27615777
21229873
20806237
23221463
24906641
22708378
26551553
23213488
25211476
34416218
31148904
19721978
17197577
29528205
17528975
20235525
20939447
34249946
22501673
20458847
20577252
24085641
23269710
21712399
21965165
20288462
24497951
26894828
19986680
26463204
24143864
21766091
23988004
24358702
28256024
26776103
23858418
24549481
22532557
24393605
23568350
25429136
30286698
23447808
16836458
27804453
30401890
31156214
25960829
28797519
20031352
17761252
18231850
21348696
26309497
24032194
27733672
23261487
18998994
23422861
28691213
27454581
21811761
25726873
23815429
29564397
26024719
25693209
24903065
30671538
23537837
23620143
26332701
28269370
25899306
21852207
21973478
20429459
27648951
28084549
18124326
20997980
23625290
19423119
22250295
28329019
17636734
18137010
26548394
24758349
25783183
20565546
28097927
31720845
17895086
22353028
24587715
28106361
31758400
22031472
20317099
17787270
22107116
26274564
22734315
19896899
30922694
22771216
28363665
23429259
30288121
20862670
17354696
24006808
24854706
22909681
28488038
31621195
22679245
27929593
25251082
31836687
32904112
23252725
25867664
24810339
27587132
27441900
24757038
27436251
16948106
26596448
23625156
19405782
20455734
23105879
22808355
25617989
25773876
20717221
20640918
22080277
27537221
29316239
26556934
23797432
26577268
22557535
21202973
30291109
24254046
31829661
25836590
29474809
24979253
20358023
27764766
25447375
24386716
26415649
58766499
23291252
22419299
31285856
24333090
21110019
17044524
22201515
20495443
21274226
17939415
26791854
22985102
19482317
19236234
24705232
19860722
26887376
23573355
17550444
20513975
18158170
19915707
22382140
27889836
25423117
25232488
20928557
24734979
28161880
22807844
23929233
21997163
20292571
28463091
26322330
20113641
25696744
26303439
29292394
25461897
26966305
25966825
27289855
24492447
24634705
28706342
23653799
23080115
21249854
23944298
19305663
18668944
25204003
22783855
25194099
25902381
22888506
20444263
24669635
22838698
24317024
28537645
23257749
27930346
25611552
22231218
20202721
23813958
23175981
23506263
29101564
27069081
26897664
22116803
24837140
29601653
23289206
26131320
28837427
24664311
24289587
24965802
22672269
24728819
27105016
28408390
31160321
17896380
30771911
28034135
22442767
18930592
31855791
29909874
26595764
20375323
21554106
33088635
29208714
29216083
25985860
26258300
24206081
17225000
23399792
24761885
26417798
18063250
21994901
19809021
25468888
33589980
31781941
27518880
17357577
22289803
28660455
26962749
23617533
25611394
23815820
23266738
22989578
19894614
21971246
26101676
23849686
26680620
24397056
26808018
21175793
17057008
20227552
24271077
23243876
27907364
24218616
28003911
27425160
24082366
21575063
29378371
18484923
19174079
22725929
30053491
32140337
30269356
24673066
21685858
17442730
25528922
20424593
21388044
28778208
25077055
21919650
26633037
21010116
17218748
28691225
28024285
25645388
29701570
24498025
27025586
20544951
24303495
26500675
24900660
21646679
22430798
26787788
24989362
27357819
30225444
26818344
25636088
25671773
25384099
20026270
32633844
27443127
19678576
28373266
23532438
20580232
23327355
25676010
27865017
22538066
21847592
27577626
30010902
24382059
23976699
21270959
19254496
23785098
25281621
22777848
30544447
21610729
24339064
24727816
22170227
29119346
24211118
30411565
26485775
25170714
24385073
22774827
20003401
27340602
19601306
27344320
27863633
24685957
29321798
27596208
24316970
21700180
22095174
23548334
22624555
19122834
24226915
22726490
25702181
20677715
23218642
26913217
26757140
21986877
26789176
18444502
20479279
19551495
26967360
22979822
20940495
21996639
23056442
26711125
68894654
20630994
30893925
20448138
19510795
29936694
23920973
28028297
24589267
22068105
19799163
26332055
27843198
29397455
24241509
22539587
21256470
23586019
25038000
27071535
24827265
21146682
17760359
20113987
17292531
33763144
22866283
22841754
23934385
22501664
23440756
26057037
23507367
22329666
26789273
24736683
22792711
22469621
24995709
33232812
28639318
22964967
19351848
25871691
28494158
25853580
29383463
24178296
25475126
24605837
23301654
26649493
23342088
24646976
25730341
30134599
28247598
26744592
22980349
26510710
23499243
22079300
23918526
29216824
21134897
25632784
24503910
25364644
22216000
28843299
24751219
28970658
25479313
22447684
19612485
22401780
21392001
22814664
23581716
24565114
23443467
26766440
30615729
28800834
30584017
23023132
25403206
25228568
20451275
20144159
23977689
22719915
22790756
25798911
24466321
21789025
18175954
22013383
35755856
26221628
32017461
26224283
25003767
23195683
31819512
18515498
29048637
24712476
23510777
29528768
26098295
17140046
20934498
26786009
29190169
21346440
22840341
28683145
27250955
24164107
19278410
20357275
19045016
26370555
26696769
23354137
28319416
26487406
26233728
25093876
21081958
22271360
20486815
22812225
20761165
22774535
23276174
25316409
23298093
28965866
23305414
28037507
27974159
25293085
23688214
26158778
24515570
23316803
33164703
18374746
17206164
27035353
27977300
22337239
17374840
25885360
21897124
20718342
25203194
21213434
22064438
24494108
28745713
26744370
23958468
24083893
17619650
21813121
32348456
26653927
26421682
31138045
17596240
32883810
19593233
17129406
23139554
25132207
17619930
32045049
22617240
22682958
30514378
30482265
19306336
20785403
24617964
26144989
24279700
19183148
22870665
21982609
23037832
22076372
22863952
21240331
22609691
26563683
28180753
27921860
18022060
17873061
24067492
23920729
20199875
24311607
32081048
31231078
25752853
17761571
17593906
26012344
27340869
22658386
24769049
30742733
23391980
25589108
28469889
28155251
21981505
28377816
21297806
29065119
34540751
27735368
20543411
32242624
19318832
20219886
24977685
27770645
27415642
22264763
23719840
26772768
19984486
20904134
20601596
24480331
27564874
28262965
29481923
18981563
24943347
28715323
22196847
21102051
26989899
27484033
23712160
30828962
20245415
21829135
17256495
19937909
25082885
21166573
29290939
25754947
23889908
21501560
20786999
26210560
20039577
22784870
27017244
22275667
29772022
24385356
18233872
25106396
32843643
25174868
26631191
24023451
31157645
23378610
20571981
33130745
23291648
22627357
25419657
21792310
22887648
28619052
23984293
19806996
20189308
22378765
21108759
22587538
21718274
17853329
24408983
19948914
21371639
20381186
24511254
28705508
27681322
25094362
27332700
27788506
20079893
24541170
20165558
26129155
23632071
20877300
28862881
29833605
27665387
20609046
21646209
25524453
26008893
24096245
28211788
26840662
31132637
35125048
27126364
23004393
28571742
19705041
21881890
26848812
28074633
31469005
30653788
24706074
24411011
24663486
27582966
22478544
23431261
29425666
22808526
23081614
30031179
19003967
25936769
25101178
23614931
24165578
28728633
28668833
25074721
17204581
24557447
24902092
22888661
21474197
18898579
27077208
28794704
24703894
23922898
28086632
27636731
22739719
24389945
27324022
18021498
21204010
22695927
19837450
23011083
22022840
33593100
21954731
25246190
22661667
25245519
29780352
28797080
27965718
25787232
23178565
28068032
33724600
26574807
23847245
26011881
25459837
19094880
24400817
22903130
25533502
27083178
21115802
28327170
20210848
31722912
25185487
20641107
19936643
21770443
36624199
22113424
23638929
19693859
23278162
31951306
19321289
29453613
23995863
19986137
26086776
28030973
23538043
24982214
21639495
25447973
24612210
20595070
21849278
20873936
22608205
21117696
31141787
23105220
27256491
21407666
18020774
20300010
19695525
24486458
23542724
33139198
20097677
24333289
23651230
32597715
31234880
26405972
28740473
27941858
27293270
23806649
22167270
25403872
20811419
71469574
25371964
32003586
18669172
19102311
27403758
31316627
26334413
21595207
18014624
19587022
23016565
24806528
24767224
28199946
23113827
28141586
24389564
20294042
26144431
28817129
27262668
25074288
20379555
22916478
20421261
26588860
28755972
26322303
20520690
21573127
25238049
32419342
30523683
18297479
21284485
24511508
39497590
26101623
24376602
23631718
19014418
27164920
28036662
24908219
26350411
20347414
24887320
20350145
22033833
26229205
22734355
29694848
25434469
29456507
22600343
23608912
26072306
27343605
19939786
21266263
24979477
20764257
33801071
24865472
26545388
27044192
25090469
21990124
17179583
23408224
34324709
27210918
26428895
20582744
27201733
19971725
21871401
27632017
24543124
24855663
29766392
21749027
17443380
20379352
28033549
24432891
24969294
21047164
28147615
23317991
31050330
23652950
19333263
26287515
28659392
26152834
25664735
22642472
23318754
20361624
23258229
19320259
22693067
17726620
23280534
23590803
