341618971
288004943
332219102
338988001
314885536
321646926
280800913
363628387
589170793
336805888
303324445
350188202
304246435
320679868
341588779
289845417
327849045
297842159
304392890
358204361
292848451
289003472
309292521
305822990
304186655
323641860
315023901
353374482
296835571
319000513
338707044
339117230
310359578
300876127
330837355
335884011
323809343
288431444
281642955
340335325
323338295
310954119
285220583
293589080
317054104
354119232
317664480
294455011
299438567
342145529
332371760
321328906
305695939
289078938
294418366
332039309
298448571
291068542
289314954
342090161
330607847
311779289
340609143
329988887
354318393
310368614
297819987
334290759
292114670
309883885
307961006
280936643
300863323
299712496
324032171
352599429
348099597
263570740
294178347
328036388
299255725
359728848
346040542
280484963
277067084
325250843
305973158
302722708
274935888
312733045
314978480
324604806
284109385
347099371
286348329
304360491
334821039
295564441
295190449
349484881
302000241
334817034
329447214
293325227
291693868
343149176
276727996
324812965
327231253
328241822
335762521
329167782
303986140
283237750
333794734
311033430
323176276
278270428
310698847
317427743
343895424
324657888
296821909
338445677
334235711
337107683
326293210
280469786
317973930
288058875
302493489
331652920
306096914
322203429
305756313
313869608
291804161
305837333
291233370
313891314
326335391
301922805
282760817
351971528
328468465
300003020
304847664
306252354
322361039
304642199
373017849
299579325
308403868
341939425
324209545
314732177
294170511
264846770
294812549
356073253
307226393
349748492
285678981
321659497
331065750
321588606
332352894
301434964
279756598
299136058
330675039
334793488
279088974
324669384
357566929
323057015
356628923
324791578
292298354
317849867
320724941
341262803
315015609
332967354
339047710
336891330
296094204
288425971
318240936
329523359
320756631
296340381
298976430
306331765
309960618
312613019
275224059
311433686
278620957
348560849
321018897
302308540
296376993
312447342
341216284
326139708
289398439
290789943
277261581
337037940
328971524
290743923
299960342
334065697
324311210
334860784
304869187
292272069
345445390
320567976
315393007
290579166
282995824
320908643
350960287
312568878
286266875
331062676
312175717
326740548
353004197
315793939
301220440
328972299
329080963
313898855
296545247
323097199
319435510
328051331
338553613
319089619
317747168
305450219
303653712
333413851
293532226
350532793
307994041
314982878
337689280
303109368
324396257
323605222
294926560
306510334
307733667
271538247
321054500
308598561
308650121
334780999
280807205
326354405
292828399
302365412
299665815
293117625
341674654
362004394
324508015
317205044
322347104
326254225
336479473
343913927
283838226
326083001
289871301
330635791
337693951
310610974
305251848
337049628
300771708
346064662
291798807
279652033
291210028
310533703
356364888
289132953
292525592
323416411
340030533
321932772
252208594
292044724
291529753
303212403
323888767
297203572
300396657
330366548
305684405
342993048
285758666
349377452
287611535
328477638
338320774
326901724
302447175
280968629
292217918
320728240
301770778
303339289
322121857
329574588
318961562
341883951
284992373
321467521
336139752
325592441
354246895
310961530
303353323
339100735
314789517
316799886
291127390
358466966
286144242
331403140
325586434
302673463
300191226
311308811
303642017
321261956
282627204
293266674
332748547
306988458
333822879
315836739
304113648
313695940
324760618
340219997
353107080
289527163
315502217
343721727
322935253
349036472
308002812
289642514
334753325
330229365
324683046
324286466
320348449
289069360
293313486
325199377
317879735
292476833
291269429
338868074
323275330
322924765
348255295
307427834
349941053
322861365
326264856
320464735
288761875
299435548
379673705
352162677
345533547
376828644
295328284
307572863
289115713
333489218
334296142
323505334
254558958
299410355
331876195
325291825
327514960
349510614
290279959
306527917
287969566
325144741
320250791
342157489
290066587
298192930
346184733
331409533
346279712
324966342
312073779
308406743
322276541
317069481
312921738
340500915
322808723
308254562
346432594
303548486
335289723
282585725
342622627
300151366
298630055
327343606
304875033
299037822
316867099
330203632
341023278
303277098
295024218
279149954
328477933
321950353
306544558
322942595
297153394
290529035
301068237
308653712
352666840
297001414
298413949
328929499
344773618
331665225
323070567
309139003
344493250
314536681
329606010
302903874
301078633
315093147
347418983
309527556
323526974
310974740
286691240
285795817
337458301
331308669
326772668
289215984
313436174
343128839
322782872
306438828
290035649
311774597
330037360
354326351
365022943
294792556
321460374
324687016
317026970
334712057
300009579
329609911
343194856
310230240
371153515
300046404
290970125
313854228
327772064
332037251
348652485
333426610
300833928
294199060
327117913
333022305
311956000
335338669
311633260
329851190
339484704
352254498
332779061
299528228
300580205
338309055
333989371
335212088
282970576
291276370
294197333
312185248
314047294
307877238
286454738
351757689
335224213
330281313
329124926
293199111
295934262
333145482
338268244
352395455
511956955
359430154
333048070
312432470
278264578
350206661
329109865
305490049
331631967
270181448
304668373
311177340
370756415
287397680
310183881
320425478
320114284
318768563
351950334
257419974
335654231
295800505
303624172
315684658
315554635
343606988
324769310
325651830
356483659
296714999
306230533
319496407
314002603
317018854
323354790
315938647
342716709
315485650
327637581
294877637
297524089
321757817
282645797
308265467
321952179
299176983
340790870
300390917
331551388
271367767
277272319
299457973
277853748
316713365
288630380
332978536
317008307
321415419
268400379
302162139
327008123
316320456
408426877
310416336
322183174
328723658
320226812
315089550
352692922
342710827
292856974
288389344
321397894
308116587
327885843
294970495
337129342
314445941
312197916
288452851
283329077
353890974
320695770
294777278
316348748
319405569
294427766
334554483
357522791
295206045
304630368
337614372
343071087
344915134
303550015
287435761
325176309
310580771
328795964
298691232
344459957
325893603
315011060
310289002
357394166
313006373
290695772
390087378
368310254
322664853
337098092
285122053
304852600
294088946
339133007
339008673
298882707
296655144
287871745
319936122
301609411
314196948
309984662
303116379
329055723
333947265
345289530
320912431
325191721
356881397
553378285
358191341
298150350
260891664
325342106
311258057
332280964
316479357
316201712
282608971
331405079
308608254
333946859
306681281
342485483
318198827
320025751
306467697
331749824
324521122
321328591
342711893
382137075
334187185
311480417
277888384
284455196
285194443
314543923
333202454
311738735
290417287
331667317
328829716
280100132
309450686
330465152
354888922
342103726
320237586
288473433
344761214
376447228
320265452
341165903
297629756
295722429
348853903
334795580
363161645
324958116
289461788
327075422
335799112
320288569
307272495
324134069
568955630
336270340
320945485
319719344
291391596
300146416
325865856
360274422
371427022
347056489
291830799
250269533
319250947
324708554
327751922
303704772
290185038
350066246
326148418
301980305
329752703
315272387
320889118
307081017
328649406
318696740
309672966
367746255
345475435
337854954
282011677
298473409
295749651
306433800
298702248
329270067
346088642
306074469
353803294
317504958
322467119
315353378
292974530
315058354
279532062
359978698
339903372
307602987
311071392
291771575
342979325
300625110
329024016
315165695
325867127
322552819
585619078
322688201
302455216
314722791
285363094
334731699
378685710
323002000
325045000
312422264
336164716
327745630
332257935
345470342
316921161
325972402
328414924
328347471
393656962
345580092
326315295
312659315
358346626
321505795
309222599
306810760
316334210
321607313
361220936
347748164
307292666
325009908
325620715
387289775
337853545
331217344
325115079
304924860
300710056
349905713
323386730
301805133
308732940
327446953
357178977
348721361
299599288
331769571
379268003
337649207
330252288
295515787
354200985
530086350
345315462
342454939
306109288
304003175
272659249
320772536
341515565
351998598
315145726
331271834
299506348
320372019
285175186
356841477
363749356
344240880
321084034
356567585
334068136
319731132
280317670
295782883
349855083
339802386
289240477
292266675
301934667
344026466
327192787
329771839
298435522
341207604
367919345
324414492
347003193
344387242
304217587
291199086
296637466
578874545
405482964
368693522
328852126
331198079
287008645
313446291
327163603
321873164
323961396
319640651
330655951
298754436
333723427
309794126
334959363
371381291
279119200
341880410
354441945
346329637
322104149
313331810
323409371
353946954
319871819
344381010
317759408
289042895
329138129
315604097
317226202
344850536
347442751
346024564
265540984
263422184
337849279
339040611
316874011
332825982
310037660
332608670
340028571
335167111
360127442
341178655
343643526
325327967
322088710
333748038
344527434
614830509
347381654
363107951
359452292
313735650
351744393
328839128
353583684
338289389
337117382
294101400
320983492
343334691
311065052
310928984
463458037
516270008
357315832
351835881
361443262
316104097
308674964
302805220
367024708
379633661
292489077
314443856
315153853
308849153
289000284
310623607
321088306
299795970
307755105
297783549
299859732
309001859
316529048
346684734
335574469
320308460
328242299
337488137
337815661
336456349
315070315
374065419
319127378
376458219
295395393
300543438
303563131
325793640
297516530
303755603
344535495
336566180
332504446
336448304
295882357
310980353
552749224
351856471
333472501
338345238
369474669
335475160
306029363
365176408
324108744
302419918
354882926
306501903
314867054
328145006
327639997
352705041
322655162
312834294
331979962
344119921
375504999
332548764
326137101
375896688
288961280
312670833
321583248
