4381921
1769703
1357311
995047
960376
972017
836507
925796
944929
1089438
931255
857792
1044597
1215253
952419
898566
1100051
934530
973078
969189
966737
854010
916815
168234
271201
146903
270738
201105
148739
184309
231893
175368
227214
149287
241210
258526
220477
157875
210393
146224
130336
141016
175019
214263
233175
138884
167181
180976
148107
174565
183185
149447
144002
180027
194550
145837
188127
183078
143929
186968
161374
179067
133962
145596
244479
247366
134429
168741
148258
134627
128012
254369
158647
260487
175622
136881
289497
155958
301427
137381
302331
137166
267165
282666
265076
347453
156469
253043
151248
219311
420545
202032
265908
305450
327931
333264
280024
239940
151336
168179
147626
209052
6493992
195008
207046
177719
112637
146514
77681
222909
147604
214050
133639
133894
138164
126824
156964
80847
74605
139153
127799
81456
75535
137020
127350
78094
94643
77357
72454
121909
73389
125509
80570
111522
162055
131968
125507
118575
131585
116970
154937
138270
138112
116709
133143
73287
136857
120336
83982
86149
133839
80443
131312
132136
73048
133262
112246
75414
78822
128571
75183
74666
165679
157047
78423
73471
123059
122191
118735
84259
78928
78223
118832
80108
127262
142962
136061
77576
122471
139441
83279
78903
125365
134756
76628
106610
73186
70451
85094
116275
156368
120654
79354
118545
143574
159961
122249
120564
156628
119134
126893
70372
119570
83982
118073
122423
160499
140792
77065
82355
146104
137690
162411
80096
76394
75297
77838
139496
147217
80916
80212
131016
80689
80024
2032968
84206
121058
126148
71842
74729
162708
145917
118215
77343
90343
121034
73518
77814
116374
80782
133436
118805
75438
84830
131121
110787
83093
117565
82475
125855
127495
86544
77311
140546
78602
124987
126035
107856
75908
80568
74468
76471
70064
124329
81843
141582
74461
74470
72671
127795
75333
115766
84698
73218
79692
71584
75202
72139
78700
138733
117859
76588
78503
74887
127570
76472
73919
117849
78305
75150
125664
77992
79114
74638
116657
122324
122780
77407
78530
80049
109636
72173
126247
118600
113245
130627
78273
102449
154611
87052
121902
130965
79865
78664
115079
120141
81016
80904
79931
78461
81636
129639
78647
76316
116823
77534
138812
110856
75597
123431
67871
76940
85550
79075
80282
77156
113665
86648
131253
121917
130801
86523
78856
86369
124753
82686
128953
77136
81325
1792178
122766
84287
120383
73604
138882
137586
129682
94021
141438
120370
167912
118386
119398
152342
135988
122899
77435
90093
93424
82886
71649
77276
113145
76566
120104
84465
73448
123011
122437
136105
78290
76031
76003
135953
130520
78996
81505
121187
77997
81471
135327
133335
133079
151350
121698
118438
108664
120359
112539
124152
80328
81375
85587
82829
132215
85101
81469
74485
81650
120262
82792
114001
85078
136870
152337
124669
380151
89576
79425
114924
122478
119165
81584
111189
83911
139364
126265
121452
67924
119315
86075
75213
74190
80794
131251
85173
80137
83984
138738
109075
143137
118517
127956
128955
100827
78038
81221
67758
124909
81150
132596
120091
113410
76462
123408
80426
86294
84773
81145
120346
120116
125459
76445
79501
72450
106516
118922
73385
127011
118239
77335
127115
1991558
120888
108493
147075
85841
118997
130550
83532
76726
124843
76787
85702
80029
86744
77424
90861
73201
91404
126810
79041
71649
74483
83920
74211
127695
110921
122386
113705
77939
70264
120953
110075
167083
85582
115744
75032
76234
80351
79098
81644
122973
141888
117538
119615
85994
74348
123836
73929
82549
123235
73335
72928
78524
76668
71444
145942
114273
118503
114914
131988
80961
71987
87097
114306
126835
88709
77429
82500
126126
111378
85740
70292
114476
129964
155279
69338
142458
128982
125755
70880
78838
113739
119686
73553
75161
115155
122723
73375
72878
128335
125746
80753
75167
71378
134052
78898
75399
76368
112577
134234
80723
74905
74170
122057
123184
114593
77939
126457
127409
139866
127665
110628
124283
121345
75823
78388
128892
126865
79189
73882
81887
121392
75526
83729
75187
1921715
196467
117466
74946
130000
72917
84360
83539
71823
80206
120808
73084
84147
86767
118168
82647
104395
88796
115731
84944
77326
116378
139754
78982
73506
123409
136531
84513
76411
73322
117547
115375
112121
77469
67565
85985
127163
141000
74956
73193
89221
84404
118013
132181
141421
119280
85126
104286
73231
113828
142702
135053
119188
122835
119249
127076
126918
118953
89384
71962
125380
71184
79582
79946
79814
76396
85789
142585
121575
74524
76188
79401
77819
86705
73557
69288
74529
117983
79738
84461
116139
74486
73544
74891
72925
72539
186754
117210
80853
121256
114944
73606
110669
82598
69501
80868
122426
112712
74444
72912
72295
119995
78096
94772
138056
132216
78870
81235
103307
86099
71744
76469
77251
78471
77386
80844
76834
81433
110791
117461
68212
117756
75394
80130
2057171
73560
86518
77403
78542
88813
107763
77767
76106
138764
82482
82054
73093
74496
84701
81240
74175
74970
86401
73657
84454
74680
85018
89100
141014
78843
135418
136388
128576
73208
108694
123224
79333
138205
118506
83403
77598
80332
80039
118094
88343
118239
93124
70013
111844
87912
97005
100058
79733
166095
110845
136142
76846
84319
156429
69659
137757
79756
79118
120445
152099
115947
75934
112567
147085
73317
124083
162587
94100
151492
85843
123641
114045
161660
72693
71394
83096
115656
76323
129854
119705
174152
76557
76650
73796
133922
121679
114359
80615
72271
138191
151135
135763
138073
122037
115594
132923
120458
108721
83723
129474
78220
75024
82447
119468
113225
69171
89562
72248
82516
83784
122147
78636
112946
76226
81269
141256
134131
131690
109104
121194
74690
75958
121794
75226
124779
77267
84951
130427
135205
78346
77819
116291
120788
84895
78347
141617
80092
84096
128199
118614
130178
119694
86549
118931
86730
157760
71208
146748
141361
89411
114250
85053
133581
144584
130935
81206
119698
72581
119181
77328
118362
79843
133515
74664
73796
125522
77836
75120
66530
80463
128898
117164
67242
134845
121112
72105
72389
125868
72336
74233
75294
114765
126335
70523
69983
121960
124494
103992
74326
117146
125196
122185
84115
146728
78808
131792
87960
75159
117094
74558
81304
113706
117144
125717
130460
120102
74671
75447
119086
77167
83682
75340
86261
113978
75051
74830
76988
68192
75467
75896
82252
78439
126657
74676
126738
76789
118885
78460
74673
127262
142565
76309
96756
89067
78498
79343
79996
125599
120906
129154
124433
75065
80028
126600
84819
83928
73479
109321
105146
117310
134113
132592
87643
74364
81800
138664
76681
107679
120636
72265
77357
139167
86230
79631
120587
134934
112622
83242
84293
121181
76506
126827
121407
72461
71541
74101
67611
119283
