124258
178287
124280
129391
121397
206804
134636
201013
114028
118028
115966
112957
191145
141947
206788
119023
118532
194596
189329
112505
112260
185628
123756
186059
119348
186485
134641
139760
126853
122057
119569
200178
199221
121022
122482
188570
198210
128714
203452
125254
207656
151811
122848
120114
190803
124832
123502
120773
117470
138704
188532
113615
128080
118249
122791
117641
131068
120578
195162
110580
119252
126934
116647
116922
124199
113236
127197
112902
122337
122806
111435
135196
114260
117599
123578
117417
121089
122246
119461
118000
119210
115585
116818
118211
116062
117781
196294
133163
117332
116856
119420
187692
124168
116078
115153
125298
115912
113563
129645
120481
121275
121878
199750
199820
193631
120682
115433
121600
122127
121849
123018
121418
114448
117223
118185
125283
119740
118252
134206
115316
190681
115054
121969
191695
140823
118281
125554
148478
125692
110692
161370
177625
216738
176631
146100
135923
116716
148320
120176
119307
114527
134789
126313
183901
116909
113114
123254
115198
123953
244602
132936
112256
205191
111181
122163
123151
115903
117161
124316
117420
113497
117428
138000
124754
117140
136159
120621
116235
119134
214163
188650
117661
194562
124539
118642
120945
130086
114469
126425
121032
114509
117384
204292
134576
111590
191385
118942
131844
145716
121043
130690
123721
111769
122015
118133
179630
200203
198602
110320
116451
125473
114575
128686
120609
117047
117676
123346
133879
116869
177349
118783
124865
114193
150671
121696
129326
114018
124419
124748
131750
114410
193618
113949
115318
118486
121266
127082
130204
115774
114348
117461
213265
243939
221790
173316
122506
121038
118354
179609
128193
132703
238968
225292
120833
243722
211697
204074
117304
135114
124276
117729
124275
188859
224129
114466
232203
117018
233729
211640
190915
4686648
175520
172215
121961
121696
122121
112843
198330
130582
128059
114973
119400
118344
117398
128739
217742
219955
111710
119857
115239
185561
224190
203938
218536
186520
229005
117228
147773
185458
121580
246692
174401
133500
116760
193308
195230
117564
207036
146004
259855
199507
202409
168101
114401
112570
129262
113811
125643
122887
189145
242542
117982
149600
113894
221553
225253
128220
130314
127229
227373
207588
125764
122026
140219
198393
248269
201167
219601
233748
245308
128316
118642
118306
178731
126137
191696
200621
122404
123500
123299
130753
119518
118782
126603
115171
119164
123168
129367
114851
197131
189799
127990
128346
133567
123933
119730
110052
129832
206188
142007
120156
181096
195476
205727
117782
132599
120005
223139
205364
184297
211474
154934
119122
118033
134905
141626
123459
117509
118481
200018
200121
213543
125623
120042
128183
134305
125185
118649
121773
192809
114241
120833
123592
123095
194154
112280
194105
124529
110769
123643
115664
122549
202645
121106
133072
115779
177134
190806
219814
217388
224821
208580
115222
126801
185422
207091
199781
204904
200030
194625
142182
185597
129073
180206
128969
145827
128130
192794
122459
122843
191817
186345
132276
113980
120930
130520
199487
197262
201928
113095
117999
202603
180156
114561
182703
198475
180597
119286
202243
177864
113688
124382
116549
119729
112842
111629
122794
198666
132760
190465
206454
207933
214662
181956
117971
190764
115421
147908
183988
118816
130611
114351
184977
197292
207061
199419
206142
113446
186422
122943
199501
119541
191291
198450
206534
207189
204054
220295
213424
128881
115564
124936
121604
117816
120961
121495
111695
190864
127839
193597
120965
190154
121012
188071
114799
118203
131751
197110
122391
117374
127098
132238
133855
206951
198074
203261
117595
185178
289988
194578
194390
210869
115810
204714
163508
118659
111710
211652
184726
123011
118963
145745
122851
113161
117596
113756
118065
204518
125418
125949
117651
119064
180109
210767
140199
118007
116927
126299
122053
122259
189320
116812
200170
114521
191162
129254
188168
115225
127693
187505
191252
195931
115821
124470
117449
119803
121082
128448
111960
197277
179466
117858
128622
117060
197197
131375
113800
166259
186623
120688
121012
126524
204476
194717
121907
110983
194384
188853
114037
130648
129677
127582
121570
120788
199155
181721
115999
198294
195860
191943
184021
122070
208323
191275
219420
135283
224441
114892
211198
184918
195604
212487
189232
118004
121186
121865
117849
114625
114495
194268
112278
115321
178919
110069
191262
204604
197914
179814
114892
203914
116270
199688
219991
144616
194174
199306
208978
119110
124006
112357
116282
114838
120323
122937
184017
123313
180875
122489
195504
114543
182801
118495
203429
123564
125785
120212
118779
115064
117599
188358
122052
193559
123178
198336
113329
184953
122481
187371
123613
109321
199004
157441
110688
190892
139094
114201
202255
119300
134807
119208
124500
200720
129777
190066
184579
137459
198673
193772
198105
186975
185947
194228
199789
188619
126289
124045
116380
119722
195534
190695
124159
197768
119208
184442
173433
188357
201054
198996
124709
206790
122720
108829
110828
120925
185761
116298
123140
116351
130299
120489
187104
125905
200313
116353
121225
137225
126971
115533
179867
127287
122490
114282
177054
185993
192541
123915
117349
131710
149827
197015
118001
128944
215348
174578
129344
190240
114118
123122
202772
112176
131638
194734
125874
138188
114877
119123
114596
114602
139420
205588
180584
201869
187301
116247
192578
127570
182321
182495
112402
119500
113232
114443
189810
133894
183515
133977
180248
112646
114945
125342
127056
197725
137487
121973
122289
247389
118140
216097
116707
207963
118500
197954
133183
113462
186263
202455
191546
122996
131853
200837
125468
122232
125514
198646
115493
117738
213877
122034
147677
115780
195406
194322
179151
217196
191890
116527
129429
121872
123578
194161
175306
172145
196773
192420
118253
123868
120444
183196
116328
200974
131435
119221
122668
117782
195358
114780
194497
194098
116369
210626
124017
134866
128399
115618
220286
114746
186748
121085
182135
196196
121891
118201
204805
175823
189606
185617
210212
217282
202007
276894
115579
199646
196624
188214
107775
126386
130058
115070
118672
137891
116693
196068
129712
121138
219248
117295
131627
118932
190737
187218
121674
181801
116581
190620
115647
191504
198036
189306
125131
132357
118338
114271
120780
184976
121894
109664
113286
113312
199872
195804
119261
121791
208235
205191
120130
121371
178779
122450
122288
115024
183480
126077
124024
190400
144206
202269
192054
207693
112531
181497
188276
209958
199806
194993
185234
125074
202699
119512
175228
117907
128859
120033
116468
221361
148841
191559
125960
119466
191425
120480
117762
120248
115448
128453
121978
116954
195461
178977
123341
193432
188983
119952
202441
181570
113108
128972
113557
119740
124057
126220
196984
126702
113786
184384
118724
121591
182444
130296
136775
203256
140552
114934
219942
186113
188098
191067
110937
117811
129037
119216
223144
185364
125884
116618
125059
131597
123728
118674
116413
118575
119276
115358
189571
210393
113007
213042
116738
195772
190147
210834
