2231997
2173778
1743535
1411931
1372265
1624762
2727476
2172452
1677385
2178329
1428983
1373917
1391237
1376942
1342006
1422978
2009982
1489892
1399945
1467891
1490079
1392618
1382286
2182022
2287050
3762269
2425157
2647865
1626336
1390123
2233652
1376781
1389218
2255168
2216662
3149032
2117459
1382910
1373910
1374110
1389783
2180828
2192271
2183278
2662706
2199419
2028619
1380143
1524643
1371372
1424968
1368710
1580067
2537683
1414316
1481730
1427123
1467373
2167534
2601907
1388790
2283410
2616391
1376029
1743659
2286932
1356921
1363887
1413902
1468053
1410356
3501188
2265376
1981704
2265463
1384148
1443912
1403087
2236529
2196783
3284768
1399591
2207738
2035755
2232393
2028899
2191998
2320538
2218460
1377476
1384356
2188188
1413628
2212771
2170369
1359592
2219260
3481514
1410839
2198517
1368064
2259479
2183914
2263415
1476858
1391958
3062596
1998322
1405413
2291411
1381226
2227199
1405478
1390839
2165955
2217604
2303359
2188037
2177141
2258218
1625858
2068064
1395980
2188426
1769713
2141556
1418307
2220488
1361363
1936850
1371107
2183169
3504011
2137282
2273060
1396949
1383787
2227766
1405881
1374088
1373644
2566817
1419870
2307182
1678889
1409458
2262313
1443797
1378090
1360804
3155643
1459165
2219036
1418027
1850617
2172507
1399521
1373363
2337798
2094358
1379509
2226396
2179152
1407417
2274977
1420826
1359287
2868522
1745648
2096997
2337626
1390463
2254595
1394896
1750505
1684529
3279496
1396565
1425746
1372565
1390023
1706941
2197904
1486985
1391938
2253437
1412733
2232456
2214226
1437342
2220126
1417571
1759472
1402075
2271536
2231170
2316650
1439195
1385281
1427367
2246684
1542777
2386892
2218724
1667933
1735500
1862358
1380469
2197987
1967917
1440586
3117889
1384147
2241824
1420990
1415894
2227064
1366487
2231794
1542576
2177900
2197080
1416376
1395737
1397985
1378042
1413510
1448264
2706074
2252527
1933533
1407228
2231322
1408819
1941384
2231787
1413482
3390812
1499221
2236074
1394633
2170986
1358638
1380340
1418982
1389279
1417391
1372444
1373321
1412770
1760679
1411768
2524640
2487929
2316625
1409135
2117788
2269391
1382077
1407282
1403667
2222398
1539815
3407100
1393832
2271253
2264816
1374518
2304877
1406680
1373437
1514426
2889342
1437078
2145398
1404944
1439775
1373930
2215020
1419457
2179437
2132787
1413101
2425190
1398788
2661782
1598064
2175782
1402206
2245755
1718956
1948201
1391031
2225890
2025571
2199334
1422387
1405288
2597044
1403008
1426224
2252473
1349111
1661262
2113362
2194360
1406066
2637305
2192185
1945013
1519286
1612807
1407291
2192461
1396610
1384836
3205555
2178572
2023542
1392743
2178867
1813998
1398786
2187144
1692077
1374564
2220332
2192087
2138249
2353547
1406448
1431715
1401060
1431483
1403434
1493949
1421582
1421756
1381106
1391061
1382525
1425170
3210843
1416416
2257746
1380923
2179060
2590006
1650439
3224193
2205102
2964223
1784467
2174016
2135169
1856584
1906718
1376543
1448415
1394362
1357313
2402182
1712584
1710644
1922854
1449579
2308054
1993135
3539756
1380594
1398918
2197501
2212118
2480284
2188638
1369343
1440219
3343581
2211087
2245671
1444405
2236247
1547694
2166499
1393302
1636040
3140073
2337224
2236297
1393393
2185196
1427287
2179407
2298449
2278209
1391142
2188171
1417832
1378778
1415195
1379733
1369093
1424377
3385064
1438957
1371388
1414389
1423932
1360581
2195370
1381000
1400418
2364386
1432945
1382834
1468412
1373318
2027796
1400382
1408697
1920559
2399139
2332555
1353157
1465203
1411889
1389967
1428521
1380614
1465319
1375539
1387015
1574019
1382086
1369283
1416374
1366220
1399533
2340636
1485503
1358230
1482807
1429502
1397149
1413316
1367027
1396062
2395338
1385250
1380651
1380947
1541906
1390879
1384461
1371351
2636721
2305204
2196479
2693233
1559359
1639532
1447008
2181217
2658022
2685877
2666048
1364594
2595751
2072156
2072218
2174247
2187961
1426571
3129199
1389337
2218244
1357966
1415947
2019812
1421053
2274461
1798639
2595607
1393169
1377039
1814135
1401339
2170252
2196738
1732596
2202620
1383703
1372026
1447506
1367450
1394380
1402527
1421401
1349378
2580835
1371161
1391873
1382293
1505208
2146045
2214555
1395729
1357970
2425394
1373448
1404982
1469377
1451287
1362454
2207734
1378676
1359395
2410191
1972270
2109467
1411907
1401961
1397568
1466374
2024309
2255479
1404375
1359491
1398859
1415171
1412216
2944010
1379946
2647766
2031169
2654487
2374849
1426417
3380305
1496864
1929564
2285576
1416407
3133001
2274775
1374147
1395370
2234825
1397535
1385532
1411329
1447934
2399630
1456286
1370162
1388552
1357432
2203704
1385611
1448505
1396892
1453184
1378033
1381388
1391675
1432376
1374525
1387890
1884311
2371502
1446111
1505131
1406928
1369348
1377169
1397812
2170421
1397767
2352449
1369144
1386825
1396685
1419056
2377913
2236565
2018997
4329547
1370483
2615722
2052549
1403635
1395144
1433182
2228195
2231354
3390919
2259891
1404851
2207834
1670309
1385036
2154796
2205780
2213101
2555772
1410459
1653350
2300493
1428695
1724133
1547989
1353998
2321109
2221137
2172832
1426350
1968610
1402475
1418130
2185113
2276139
3180165
1428521
2234822
2060315
2177278
1413698
1374183
2186060
1811560
2946799
2072773
2207053
1409385
1418733
1395259
1373184
1387146
1872971
2532556
2135844
1442325
2253409
2162244
1462421
1359549
2174350
1592636
2158951
2184450
1376154
1378176
1361035
2203051
1650236
2158320
2295539
1387021
1563258
1658527
1369033
1372638
2228026
1403926
2003185
2681009
2038022
2337423
2188188
1405335
2208810
1592808
1500206
1537899
2951628
2267505
2188629
1426587
1387754
2254364
1402029
1399598
2282504
3265563
2226992
2176861
2257947
1526953
1377421
1375217
1398307
2095525
1364438
1462616
1388194
2244731
1368488
2199629
1730676
1455497
2647049
1697223
2243330
1474870
1390606
1389994
1372431
1364229
1967349
2487318
2286397
1576877
1398624
1382582
2809466
3226628
2466050
1416518
2330035
1401321
2252211
1590145
1380792
1364061
2197992
2767373
3146475
2054956
1416493
2182073
1371045
2223600
1434101
2702058
1413363
2653992
1400282
1378614
1382534
1438088
1420104
1493892
3159554
2224265
3277727
1380117
1411966
2230997
2206123
2232727
2327202
1388315
2170780
1406252
1448960
1384906
1372371
1394671
1392821
1633431
1546697
1444432
1432460
1390539
1425954
1402306
1457176
1431909
1385984
1425975
3178028
2178263
2474400
1860386
2663805
1410029
2611320
2216984
1445912
2596970
1403065
2218827
2100520
1591160
1380285
1392173
1364998
2120446
1542019
1393481
1494907
2122346
1476045
2149346
1399390
1385781
3385421
1410030
1407843
2161785
1598639
1828165
1375163
1735030
1664048
3044575
1885740
2187499
2469462
1371190
1429117
2359164
1374963
1395027
3287292
1374350
2259858
1406318
1608049
2245158
2327177
1400077
1346076
2188943
1873400
1415653
2184456
1376339
1380919
1908943
2186643
1573474
1431863
1369825
1420337
2146012
2248866
2248660
1400358
2164029
3095214
1385606
2313791
1841463
1420251
2208951
2206407
1472307
2237872
3375174
1398206
1436404
1408137
1422009
2284576
1375014
1488031
1383723
2158371
1435672
2147321
1634473
1512358
2170365
2305598
1384054
1386742
1393038
1374490
1405582
2198669
1389458
1400548
2235612
2187813
2846786
2218044
2200834
1432990
1991657
1433748
2201034
2264310
2123344
2743194
1404320
2164939
2278714
1968724
1457557
1409500
1366122
1403146
2154395
2085680
1390663
2224361
1391578
1387543
1374946
2138149
2819938
2201303
1367802
2205230
1436704
2238203
1470301
1463366
2248799
2682727
2036387
2503663
2094076
1433691
2219003
1385167
1459782
2182164
2774091
1673178
1381436
2226435
2178738
1983345
1380959
1956122
1685288
2577013
2223206
2260578
2194904
2141862
1396974
2208474
2203019
2297435
2249314
2353382
2170458
1977690
2188152
2225342
1738539
1368171
2927964
1403510
1431215
1388727
1387695
1398563
1644697
1410682
1432802
2415368
1376621
2301725
1486761
1383292
1585336
2096810
1387892
1366301
2323519
1376727
1403526
1440755
1422912
2212745
1422906
1405834
3105791
1392119
2517168
2244977
1385099
2406173
2655655
1467047
1390329
3247661
2267619
2601277
1998685
2157786
2188819
1446463
1356537
1781786
3277796
2207777
2151756
2187988
1410839
2251272
2206296
2206626
2203745
1403952
1388822
