125793
120572
124144
185656
198440
197772
201161
197713
188299
190582
193416
196755
184383
196345
185115
184557
219870
180521
191018
189516
124823
124574
118324
118290
188606
186399
181066
186525
120247
119293
116966
187171
188451
118039
120980
184170
186448
123509
116946
182541
122852
116304
118459
174499
184836
120062
188082
123411
185477
190456
179830
114683
120832
114343
164262
185548
114722
191098
189287
118298
184629
117203
118657
117308
117209
115601
117038
193217
121480
124003
113351
187494
120182
185545
190690
117885
117902
120456
183509
191202
117157
117991
182647
188673
185687
195066
118186
187161
182978
113193
143209
114828
188303
117876
119227
122024
186493
185071
192569
118973
188573
197565
198250
120240
120040
118243
193820
118933
113578
114971
126335
189655
111864
119591
121776
116303
119151
207407
193289
197979
191109
198730
194279
175101
116938
119690
190218
196308
186873
197590
219117
128562
123832
190569
119334
121646
117718
119052
117651
117156
188015
128206
194948
116616
188368
186794
184738
195329
116222
115952
116472
187845
187880
188941
128568
118776
123682
189683
189009
117135
118465
116839
118897
188419
182674
186912
119067
119510
185155
188737
185154
148718
191630
119825
185830
176108
195451
122996
116081
119849
181439
122071
119059
118797
120982
117000
117349
196805
188855
119924
176989
188343
210721
139630
190536
116070
112855
187009
118576
199412
117254
122905
122031
192888
192696
186711
121034
116316
188329
122172
194781
117535
188585
119595
127347
121983
124294
188581
186686
127499
194960
191485
193249
190987
188783
116635
185744
184593
204242
204624
203781
189778
182195
191711
188117
182776
187283
196627
195138
188467
127283
122308
122712
117120
180505
121419
114337
180214
186050
125874
119983
119140
115618
186978
191846
117928
181369
119116
191097
122120
123024
118369
187181
184925
117190
116988
186211
116089
185671
187458
118886
131562
116221
119410
117276
121162
166362
119390
112923
119585
117179
121017
185049
189944
116834
116985
129104
192118
195092
179933
120100
117331
118545
120503
115544
115745
115818
115892
190754
191571
220858
116640
117763
117895
116258
116761
120540
116521
116390
118317
121808
191929
118209
119555
113900
123147
114942
118241
117038
119334
124385
121027
118770
118952
125930
132322
118301
196492
191069
127388
124778
157175
119389
118407
144408
116533
117219
121409
117564
120574
117776
174096
125422
116923
123790
119615
119258
119755
116774
114492
120414
193622
199140
200297
201219
202016
200586
124320
118259
126385
116392
118351
118264
120606
135614
119779
120864
126321
194199
124874
115158
119299
118435
120809
116770
116173
191714
139658
116915
118037
116797
1053170
116252
123519
116766
118063
120302
119363
122250
117878
144895
116416
119040
119373
120546
115712
119866
116531
125563
188884
120550
119620
116512
117780
118323
284146
169727
128157
188805
116290
115975
306422
268976
281761
115562
117740
185848
282620
270921
268841
195855
287290
277177
186283
289058
189054
269188
267474
271946
117292
285195
191070
123524
287662
127875
270791
314800
185838
120005
124957
195497
197290
116848
186743
114728
114484
282495
189813
293311
121522
190255
189690
189672
256467
215798
201510
194573
178846
193358
178293
183159
179982
191444
300402
283545
300757
123788
190371
119929
115876
114895
116450
121026
185251
116886
140389
120589
116819
114486
195607
116728
118582
188551
146917
118969
118279
190562
115294
118188
118381
119704
184421
185471
185377
185415
186392
185076
192904
186551
182654
209640
1167144
186049
122983
118110
152712
123124
118520
176204
181220
117369
114236
118003
190852
121357
124457
117206
125150
188148
119561
116470
118044
200030
120217
187240
117121
116198
120969
189664
120293
187337
115935
113101
120004
119392
189526
120836
132830
184141
193537
113491
194067
184506
120233
196313
193309
127865
117128
117604
120098
190058
185327
114135
185143
193447
121441
183618
190555
123388
185090
117746
115770
117690
118191
118008
186046
197813
199189
200732
209789
180673
174376
175655
134172
198983
188716
204292
129984
187706
122487
185902
187378
119687
121384
133570
205644
118568
115334
119630
115270
189501
190331
188134
185744
202227
187072
184044
188653
182926
187949
117058
115016
120201
128129
142020
118098
115726
116967
183283
123132
187424
195960
191299
187805
176465
124716
120976
118471
116703
128788
116440
187108
183029
122786
114367
186438
190568
182860
120136
184683
120488
189122
141307
118960
186970
118836
124443
119521
123292
188743
121825
116004
119209
116189
196861
187262
141310
115996
124433
116644
118636
118997
190297
121879
115969
119052
188202
205240
183685
183861
194173
128748
124148
187031
187765
181211
128537
183840
118494
185356
186082
182838
123669
118586
119644
186819
116131
122488
182346
207617
196398
203884
179218
181593
188949
181934
184500
187612
212257
200903
196263
189451
161385
184110
121739
118527
147130
118451
181699
182516
132616
115604
120846
114996
114159
122250
187472
115678
186531
119592
118574
115242
183227
186026
117501
117093
118957
269330
187656
196916
187888
119343
190457
117743
186823
119661
166212
125442
117577
187500
124447
117757
121337
119701
1207802
182961
187947
184306
183966
121783
186978
120856
186937
119802
184726
116989
115495
117768
197653
187136
119528
119069
194187
190945
121249
161898
117432
121715
184804
114821
125824
186753
116516
117018
191808
114386
122910
119590
116794
122421
156690
212439
118805
207386
197576
188290
142855
118883
124962
119366
120479
189660
120663
113987
119204
181867
179828
208619
185728
128558
121297
120394
187024
197050
203106
205006
184240
173245
200591
189784
179035
120978
173905
127684
185374
201073
197835
194701
187494
119466
119377
115550
115902
120233
189236
116192
117821
117881
120102
120062
120591
128789
120643
122217
118478
118035
185750
189539
119788
189722
120836
118222
195083
186561
117379
117940
118168
124463
118015
115757
121177
119646
119688
120013
188009
116852
185672
209674
1549343
174018
119549
117524
116137
189131
118427
118631
185154
118351
186320
116914
189174
116508
181817
199234
186599
122858
138062
114481
188519
117769
119557
122919
116577
119034
124870
121288
180646
118297
182727
114072
118010
182423
119402
115683
116636
186553
194418
128119
123585
117760
116472
183491
120127
188115
122127
190966
116355
162449
172145
116126
189526
125762
118606
139553
121535
189852
118157
119030
205461
195535
196846
178655
196747
185035
187367
183237
200631
185292
138368
192382
195020
190597
183723
118053
127061
117281
112799
187577
113287
185332
192887
122613
184813
120506
186433
115041
119889
184737
121118
113018
118893
118533
186674
119551
120517
122423
185952
119379
120277
122691
116870
119129
118576
120258
117969
185812
122020
120495
189778
186646
1269615
126733
185221
118635
118711
123627
120925
116309
187789
192765
118296
119020
121218
186438
115282
189938
184905
171939
117664
116261
120629
119233
188253
187645
199291
190574
188353
133955
178165
118721
115759
123372
143034
121357
117890
121225
183592
118622
187792
115740
