1557538
1321930
1339839
1110349
984579
966945
966384
1063181
880164
907251
780882
724184
788122
729054
862213
973556
776345
820351
933469
995903
932017
791792
785070
757954
992946
979878
791837
899036
773156
959069
898963
1046704
972763
829015
956680
710214
826429
666284
968051
869721
835402
982734
831262
877451
851484
887669
935134
723571
747569
814108
732387
1042124
840505
837431
877677
949683
788298
869414
964552
822685
963097
993759
812735
972734
4029614
975999
408713
184173
210414
226016
333344
174754
200261
130064
234206
126493
181075
192631
183352
234203
244395
1183593
203276
283888
273930
274925
175316
125386
172858
180696
172524
163648
173081
179209
172706
174944
177729
126495
195185
202559
175981
210950
190139
118641
191997
118294
192293
177979
170408
172947
125185
181427
126541
175371
182431
178881
177645
178133
174955
169337
123479
173990
179769
190106
176008
174116
175580
122436
122586
124796
182530
118594
172694
168019
192534
165713
174510
172535
183130
187979
194084
199209
175278
197010
207237
191074
121738
192811
158334
131271
224734
184072
197063
341372
190323
198614
119907
228060
190409
124099
197499
230364
118484
125839
117031
193569
229724
188600
126598
122301
230972
233857
123106
183969
141718
129871
130894
118429
239578
205751
206715
202805
225914
217429
123692
119717
125317
119882
124139
196143
190362
119901
177023
123141
124859
174489
191348
125298
171125
181799
175423
170150
177705
124089
174617
124726
174248
174838
173913
173074
173865
179183
126072
199661
120734
119950
173616
230861
191471
228947
123059
121130
232806
121456
189128
227149
184384
121672
229031
138670
226562
222445
225634
230538
186291
167195
193017
126669
190890
131042
121116
188723
174969
178989
246679
249503
124973
134741
236729
209417
117964
119975
228079
191367
122812
124323
245536
229149
244165
230342
119721
241538
124514
194192
234365
229286
172225
124297
122207
193784
177932
129581
193993
194755
119449
1126424
209755
133581
125639
201138
124416
123068
123086
211476
188137
209615
211422
207845
200828
191473
195460
121447
123484
194060
140101
121634
118348
118531
121686
189736
205901
120005
120739
191266
199742
190641
187404
188467
124425
196776
124323
124763
130935
123522
189111
204421
125130
122341
190141
119593
125109
122371
123770
119402
194521
126852
193169
193695
196855
194804
150277
123530
120324
120584
189959
119032
121525
122977
191785
195073
122962
122078
119544
201740
196658
182648
122584
192274
124545
119350
176660
188302
198028
194457
237901
122434
125955
120475
198760
186654
125488
121139
123957
124686
128051
190818
188147
196816
188188
119986
120732
121528
121255
121664
191913
119828
181139
190739
123114
211692
121284
126737
128202
123219
122882
119622
190656
119953
191589
177957
191444
127005
189576
132163
126254
192106
203802
236036
199112
205487
130331
119579
187625
197196
195339
117620
123991
189839
199387
118440
123549
121469
187842
123267
122278
187851
187908
192277
193837
196885
190613
119537
122107
125637
120423
184061
194375
196595
130115
123649
185826
198045
120771
123441
129694
119156
121247
189610
193536
127267
128885
117203
190827
125930
188212
122194
125130
189845
118229
118349
122839
122287
190716
185919
197167
123742
189323
121189
189426
194254
126178
207130
187378
123319
189836
192974
197072
188969
186268
123600
197169
120274
123016
118492
121304
119858
192267
123438
120096
199004
190979
119380
224205
184361
280430
122509
119510
197259
192753
121796
118064
129196
120276
125299
238615
189880
189825
119068
193246
211455
193822
196741
124766
336585
167518
188543
130954
178655
178500
202624
202320
124974
190987
130573
118421
190861
119195
123247
125742
121465
119700
118443
189523
119564
123270
125196
198289
192903
131149
192378
125298
124143
124991
121389
117704
117521
192777
122746
119617
121518
120114
123133
192992
124409
120537
124183
187839
188104
197894
193665
200016
222147
123212
232006
192879
151267
123119
122616
191342
124040
122091
120006
120597
144612
120983
126826
188361
214862
168982
186894
123247
121675
120112
196876
206044
194837
120409
192914
195800
189837
187950
185533
186438
119791
194410
120775
124310
117617
123385
118846
130282
128098
189759
189829
192121
193696
192726
193884
190882
195887
119963
119352
120976
122929
183335
125721
128453
123146
132746
189657
186276
133666
120609
212246
174735
128105
124862
125331
192093
200331
199178
199360
205140
201186
128224
123680
123696
122314
122376
121172
187795
121623
190519
123570
120107
185995
194702
187552
188006
191131
121178
189632
193406
119806
123021
191136
124202
123881
121105
166277
118311
211744
189351
186716
124481
188829
192844
117688
120088
199634
191227
129166
122563
118770
188187
193793
191984
123727
121974
220187
190325
188061
192154
121515
117834
122004
128346
122436
120120
154686
190999
122005
191917
197669
188155
197855
121776
195672
125480
117251
142794
194414
190565
191865
194763
201024
181387
195866
200965
127469
169577
124067
126270
118000
122096
128204
189394
195157
120050
119930
195806
196441
121081
122977
120216
124544
132367
121281
191103
122783
190753
197803
201721
214040
197318
189584
181034
191162
123386
188143
192211
149126
183768
178287
124851
180755
182706
199560
125600
120543
121421
193392
189683
120115
118929
122667
198736
121937
128609
190568
122444
120802
126034
188854
121512
138371
124704
188280
126683
124143
122247
122006
119817
122692
122560
201606
129345
193710
190723
121737
123665
124626
121718
127043
127931
121379
197420
124261
186674
119371
190543
187259
122631
190383
122421
122088
195067
121970
157816
186045
119564
186654
174424
120560
193373
191645
123805
194473
188399
186773
123131
127218
189689
124237
192420
185374
189768
198124
191545
190247
121051
124800
124252
190047
122873
131583
128062
120180
199995
123107
190531
119715
125279
119428
191189
195852
123172
187956
192075
157970
123640
124406
119470
189612
123012
241439
207413
132912
125497
119906
122688
125162
184553
128032
122006
121844
121578
191261
182203
188321
193432
183842
177134
197739
194484
118470
119926
191852
119766
124246
119149
123388
146933
189114
120390
191886
123670
121128
198091
195946
194522
124224
122608
122482
122114
192859
124088
124199
117548
122457
120162
118607
119649
119274
122696
122840
119915
120261
121965
186971
125680
125589
120028
193409
122597
123776
116999
120215
121032
192423
124061
136547
196176
120783
122326
120165
125600
125197
122026
120147
120019
201594
190066
185583
172309
186479
190737
120333
195678
122048
191553
119036
121329
190888
123950
192194
121649
123278
189412
124012
120312
188059
188774
197336
122282
195078
121298
120551
118515
190257
194068
192366
123940
210081
126390
120136
138321
125811
118041
119638
190955
191082
184598
125159
125419
124471
182807
127700
132671
187422
194997
190167
189539
192286
190416
240948
200111
199354
207123
194955
207570
192226
120760
191485
197983
127771
129164
193478
168754
195468
124083
120147
188201
123943
120425
120994
192049
183686
186424
123528
118485
164116
129998
121597
120571
122615
120542
125467
188790
120987
