858795213
460316837
469271854
647684233
447152600
625724098
344458128
360891218
328685214
408945774
506424539
262641270
302174740
324967418
311775182
316101074
248862054
383006058
329100418
346674017
333614353
364230794
301185371
275242752
326208229
327825994
385899262
418379669
343652760
344869388
279694800
272403628
272075049
329360734
310355917
313134861
284178599
296330370
312148511
294351686
283084240
278733918
315335939
315168657
328292676
312810510
268597266
291216313
275800568
292572174
308571608
320623297
334283970
276555924
305523971
370669495
317852202
311197642
312104340
286769824
275002775
317292748
340865464
314810491
281805107
267023076
273260182
344108884
305404335
244893864
292827669
327611649
308843482
268145322
312981904
276727382
255307131
288826709
310591381
318981238
321964113
274457190
345222415
332390492
329820840
311432664
294048762
363372684
280220052
305244753
315497334
290402687
283804099
357577560
364621161
344831024
287708810
277253768
296623585
348057693
356047871
365809173
292138737
290225958
371001419
324434325
368826144
384793363
344043147
336446515
276031769
316414963
366089878
323869395
335519674
327108880
285503552
300189284
308914925
298815352
349611597
306335797
292016457
285736074
324538162
326646867
297597486
329394297
279519200
266779110
288893635
317095292
287346863
277036389
318519749
313606050
280142497
334399034
566050907
316017878
481137696
416309927
548990774
313375803
462328255
313470277
429198065
382154116
274262173
314168647
350167880
302354925
294738273
281541543
321689923
303058459
359498403
303380754
287473580
348520494
280476932
323547028
350416363
266563420
317450557
304029261
308526914
311724017
342654396
319874194
290638193
291853984
313098231
320704019
311130317
289037526
300714348
332424889
329904906
283807888
323579792
280667710
276749488
313250388
345502157
306779588
281362793
284517442
298169509
312972175
571701062
343246763
300735202
307831877
310954214
311604484
337863818
292099292
297866252
371506453
322764786
418955230
330085132
456980441
339036151
430393035
445968012
394207071
291701434
322086536
297236211
295697748
295022571
292429645
330853149
362842344
342009886
309813190
306755074
311147250
309006832
363237214
354210602
342012206
339259798
322805584
388428642
300131768
329537375
375656754
275120999
342024470
270250832
314268071
292469159
302143495
282474400
321499140
323100432
292784252
297963870
335055192
279679933
282516281
321219907
440456727
329065852
252760788
319924208
294856626
308463713
321100249
305149180
290084368
291716462
311975390
423514771
296789733
294974199
302847589
312124385
386176975
305751563
398900267
324150917
324199402
386202383
408936244
275143092
335114115
414071766
364277242
329122901
301166015
286741315
309869801
390464470
454630329
327348904
303463963
323017000
339249830
293220911
311165062
402590602
292188879
337348957
476561418
271945883
293175275
319914564
423054005
367118883
310340076
308009684
390759577
345748030
342133477
290285415
351286058
325756008
330875757
280391572
286283153
347374517
390474556
305573250
384048529
296925085
340453491
364144374
288357570
336973003
280220153
299968753
315898583
368030128
318221424
272389373
383566877
314936336
311140067
295048966
292794850
314916250
361319161
349404727
269859280
307554009
301481092
309094614
319131232
267623451
379145875
272179705
292709942
287926171
276382693
335999770
289728852
354474635
325078782
300935198
348812837
293469244
326161416
333570816
371299491
319911208
277566999
316573055
468556455
256666944
278068223
304764592
345671703
332807553
308483224
277010314
280295369
286584113
305813711
258641635
277185989
341909830
289211052
304565010
277144093
319570523
288135245
410892713
339200969
398985338
347349541
435743072
321729354
294242202
397264660
317409040
460229377
289128001
261012716
369941338
326056225
364992139
416263858
341641314
326836937
333701423
341684355
298600817
264516256
286990545
329895197
320782825
317497079
331667622
326360747
314555221
273407601
320272025
326676806
323497699
282499674
280179548
329747912
333583037
382638003
448874767
385355327
285502819
450476642
397886086
324704516
276094298
318645893
288912113
344047380
466828195
439602556
313481148
350996386
319783203
309080917
326669941
284285005
284252937
255378990
413226110
317444579
316193975
251796291
292095879
321362077
332115571
336408162
345625380
287244905
278568715
330059965
306607419
304827277
268572523
293416240
318231219
324631944
279519918
291754805
285874704
316377857
311275221
314110491
291807096
300729510
273638916
309815960
264347270
282900562
282308497
308065483
294473928
304839324
284349089
279652076
320384438
327873287
292546085
265890357
304966465
289874256
333263920
308997015
296806943
370095103
341536489
291279805
307122934
274410898
315620265
276594118
302074370
354432954
273266622
346993809
265786475
362877854
321109800
282709404
322982869
322878174
321985053
301971174
291932329
253386607
312101359
340994671
328789532
257989454
305529734
273776752
317045177
279454213
291695267
299533116
326950371
299655713
322597503
294775611
288007889
269277453
329442964
329070775
276999641
278932974
261829990
277912677
305361553
328103450
252250798
299049293
319178655
319199342
297415418
256514652
306241179
287369048
346802438
301909249
269259960
311128287
306015461
294845247
283250461
291974075
275256851
279701399
311553281
336120468
297873423
316417542
277313269
308843902
326119738
280722133
283767759
289894969
296735085
280552688
306645283
345251738
321227576
301924976
334223423
292944740
277755333
304231096
290780169
322438440
295125520
250820774
283339433
283057696
311317333
311851103
290600967
328365018
307611041
284771700
301073097
278712167
282741787
316905390
304920640
271061393
320593376
299414584
302286378
328563371
294096145
307551808
320552011
310664232
262579262
328775366
316644548
287288515
300666640
245582169
309970130
294655495
290896703
330508612
377335315
323356049
268915777
319157068
306982710
333560237
276694556
329514131
317455265
348437937
301519477
312311465
299937447
275307436
318461393
277486693
303376392
333964992
325267637
312394071
287964714
267531213
309573067
256053329
299041537
323416603
287517306
268737932
348365769
273399939
278736735
273478441
299443587
295646360
278144791
294020532
303511226
316888698
319513234
292275875
295346506
308190896
321017324
300423425
275235767
289960640
367638057
333603647
299431983
264687262
251419695
329096174
301506343
306306493
284258892
270920319
287796905
354341035
315171199
313871040
295175990
331767699
304500245
262851249
292567730
299872442
276386340
296313739
240751718
329444379
272569481
321994292
348151820
306821558
272106512
271497176
314114012
274302776
262468324
287788623
289395391
312972212
296798795
306805693
312571163
303369359
333269284
256800926
285841657
309368733
297828092
315924798
265064808
297164443
319040390
321398012
302231128
255435860
286971068
300955358
311328684
279701961
287487992
289907300
275044713
308681527
286613177
281715339
290768155
289294134
292881347
335549223
259872430
305525328
291658664
289163757
271665106
285934669
265008739
284568049
315609679
323246975
255088439
327490252
280281747
273391886
254601793
261089908
314595686
324958266
309549734
295547386
279860026
302032828
285200214
267968358
279421287
292825765
293295744
320000391
304877437
293377654
267963999
300035441
303312976
308648366
262173558
275202958
334621813
329620041
326554225
287535226
277902737
309557384
327363966
295812730
261865012
282592281
305593832
300844075
302087098
363399502
282611378
309464064
313246448
305264022
290519886
294334708
297141619
297512492
325577912
232620577
290680629
350263625
315179915
305385127
280389317
270287781
302786138
340290208
321563328
312637214
283987303
316904373
275504375
321783354
301846674
293604173
273612814
285206267
294922137
293810299
284681308
292621159
262199030
308245330
322108325
325500617
267328823
269861691
295399105
342407410
312351545
277731078
305345886
309736418
297888088
285338159
317489340
263769867
296193377
319993493
315648012
317211929
286962099
271389730
303836365
353755577
372339583
290866007
281076017
309358001
287294516
354134976
283553807
262568951
324751777
297550804
349611440
272381161
324694420
361650540
325744457
415260653
278093066
290464196
327345149
333428565
341493405
301335269
303009190
315774109
290626981
289976534
315290410
290534701
270665371
268569477
297730845
339579611
268969110
279777908
279586000
311996634
290371295
320520504
238065669
335775975
318803927
297791785
286043018
296112697
276784124
286804019
270498791
290833517
286415136
319180458
301000521
321049973
308362200
280762861
254054550
317668195
314388659
284895209
287978147
344324663
291916927
288643878
272815248
328182167
267040142
325374661
323146171
294099358
329641623
280278206
297675177
318816390
284464797
288958818
337373790
304539221
366284583
294842129
289140260
329131969
334850331
313217002
272494395
289301468
279121687
299553131
331518351
272201205
289018141
312269110
321636380
289388250
290902267
268343270
295760483
290551023
307992897
326675337
243843465
256289960
331951941
328191119
284047692
272871703
281576741
279098067
281740701
294901762
274075081
314054081
321933108
319772911
340190394
288052635
295324059
331641314
293304787
254027522
296078974
306901019
282073689
307571912
296649195
285622031
274774691
271650938
314770986
275998702
277517655
296290250
306442913
320448244
286486229
281863502
312648990
304653218
330376843
274734480
289709084
316109332
324535380
325006328
295401227
283786008
263178021
274484264
298106609
271588115
286075675
316184203
305744579
329279603
288377177
304130088
318776134
299995457
291924291
332894327
256164635
255639923
306524530
307029434
317447897
289719992
287345314
306994372
315377192
328590933
288356125
300565504
310134996
317282782
286794824
329025598
279175647
285705790
299429967
299090389
330408985
318113113
279642123
319309640
288934704
304035654
283067267
304209995
305148015
284577802
328379954
271111971
675969981
476615917
480689915
580658535
379641109
262306789
345766782
344934901
332156681
328820504
273594555
306127808
301810824
347924270
336108168
341643246
302502970
277394085
338636686
331918794
345180375
284161222
293560475
329259377
341390276
349343573
361203322
301456203
419369370
325676467
309293838
330680530
346641842
308647932
320674238
330781685
327631727
295360361
307250713
325130468
344131958
326737310
300333251
308527720
288656248
357276118
336465078
297607821
293433707
359547138
293042855
335043852
318156190
276916252
295832703
334062347
314701350
335112801
304979384
336724980
332404244
363935180
343295157
326262593
301353071
325656302
347100797
337942993
295816105
300513375
335151407
296154853
295441170
298772991
330205772
330581413
332751526
331412465
261603172
332340413
348805849
273810733
387506868
298500551
338967872
332663454
302494015
285984096
321036909
288422752
336407542
333660818
310890671
314358227
319171372
329681981
369099344
294436086
315806883
330752326
318974881
338657832
317746263
352128810
296190416
346151597
328245433
343711666
303479420
351526698
558785038
346579305
327328029
304239993
262481773
331036232
340152987
329028581
300187149
256100742
334954675
356607910
319522686
355278166
281745866
334133471
313964722
318697414
326455817
310927172
290166631
296060986
294791899
324707904
304701193
291212251
360013284
341863602
326712275
315937673
285180480
359916437
318740027
344937434
325029795
307297543
296845808
314337644
334287017
322420381
303098820
295449764
307630444
296849899
338445311
318129005
299271544
347003275
322407252
325361860
323509892
307594465
336831100
354595247
319851755
335196706
300882640
318737827
363234451
330449719
318331644
337774158
270507186
291653379
319414806
315899150
318281670
302397157
322749612
299295992
324003223
336070980
302580493
290081543
337758584
346613319
356512949
321180832
296421074
299375305
325274404
364828161
331259795
355202913
301809355
331025693
353479794
344343772
303650151
324803375
302886309
307043183
317107533
312147730
281359087
300999633
330325437
307050109
318441138
317188758
336653123
294992550
336304262
352714064
307482690
304820370
299425572
342257495
312586623
312094484
291909395
303642522
325656896
345766833
287549459
289642361
291977225
337862301
349768211
353511127
303109170
316126417
335849746
339462755
295290577
293483914
337104305
333059864
349683872
274892430
284161486
334537156
336170439
332140880
264599375
317233337
336958780
319816993
323293225
286445030
298264547
329729292
337485499
326063415
315875148
323918249
353222454
325977485
345461298
301290563
302719833
523416318
371824725
340408279
300160583
344661428
365716807
320872048
366366851
357316751
287273032
298424051
334880198
339521161
348658830
326531112
342758290
288257258
342586775
325983241
317429507
332802992
306254254
268355258
341090421
310455121
342104872
338264417
334345559
315445774
277615871
360907452
302564278
314757621
345899101
314264719
301652649
343789011
318614615
316568871
309278244
310992043
322443155
318851646
310131912
352114567
305788018
295049217
313374146
326485331
341453370
300802246
292028531
338372520
340981356
325619260
336422296
290833769
288723859
337482282
323308103
332559302
311799155
329549768
310486435
333923811
339307235
304700943
295690621
322834508
312744642
348678774
310935358
291888122
338239820
329514167
344110219
289230665
308933426
321515669
317030123
351307121
320713574
292512311
366296865
321193570
342559989
327390313
292143308
333609031
310954933
361821499
294204446
308212747
322035309
340000042
336466142
280597126
305485457
309387362
334920558
332711225
289975597
303049778
319923571
324156433
320348743
307522725
296156716
344307843
366440924
351745767
299019288
313098837
315527618
306880229
329929415
289082964
323803662
337934248
318810465
301949931
322244706
311720292
310905273
338890561
293653964
287844005
290602641
342514242
345629715
303654297
307365519
338862136
355821680
327255741
331692795
292666223
320872776
318291458
318411805
316296563
314603305
309357352
310376815
310849434
303716797
307961489
335579861
347671942
339589542
315489465
315801999
332549163
321195765
339701282
291705749
287495515
302870315
334193863
329704081
287251886
306261709
331963005
299220806
336959588
354068592
279459194
331291923
306346977
318921311
323581280
381942552
308105459
345747674
318682733
288684393
333477793
293578532
328639364
336559044
332734256
284810175
316399779
327086624
335974735
336007746
295104483
329272752
325921631
329389487
325793288
306541676
332059875
340906394
340458076
331511218
304409712
337224683
323371243
324282684
271850952
287880386
345814282
323498909
345971330
323358780
295350594
304689037
311836108
332433452
320449781
314810248
321400655
326967528
309442872
293145865
292515919
311541324
295606341
336457866
310217970
282619596
298837454
353141973
311149010
279523206
300870898
305155784
347894906
323744554
308134440
324339970
275320447
322726818
412382792
329707437
298869323
288802325
339404892
342320109
306329154
281157666
320715233
307425901
312376561
356634731
303622501
283952718
365146511
318313246
329431242
337291978
280140549
332376729
321925139
311275210
341633830
294076628
323607227
310069302
324562828
366336738
293928946
321583294
330950893
329094327
289663788
319865897
363215873
322021383
327278391
298971497
298650194
335004943
311903638
324259028
295970763
290130422
325857091
331252551
331406396
282074995
318023006
331842313
300518108
351410453
307845016
285090477
326489215
329498199
323548503
341430738
339317236
329101538
316347826
328067552
287890185
286165703
309617100
324512943
345776716
319151600
297552338
297105042
351792615
352266996
346433986
327567220
329277999
306789256
335733507
309698330
327144509
333638814
288943058
359485159
335680028
324353969
313578130
308225046
325439033
345167591
335933799
312829902
295841846
299651966
329058557
325214003
342295105
293202134
286640106
416432107
330238823
301548614
322709317
305592251
344047554
306748058
345619127
353098272
292628219
266249024
315268664
352674671
310933137
343105517
288212037
308847763
331806409
341892857
322956870
317870333
302744808
309766597
293179347
306086548
313531610
323561879
300823840
300371165
296477096
325900930
336500749
301266207
331517855
322699434
325495134
346104435
357997636
300680780
293830588
305282199
325114250
323434466
301353006
302406468
334656835
341281474
332336684
294678866
291717078
337025435
295366420
345075999
317659083
292010579
312971397
338464626
301904129
338360076
277346264
308225908
336046532
331044685
340158524
331551130
296501565
286337222
338664627
344600623
316410094
318471426
299329933
355303384
328238983
348303445
332134883
281050074
315800219
348834842
313354729
390916311
309878435
314096139
303061312
334338569
343729507
349435479
301528660
314727665
328084066
324523072
313024426
310639285
293767388
327439863
301853826
336279713
292667692
334125364
321424613
379598758
322274388
308473905
317773081
334602935
287243688
304015895
295763447
281618894
318615209
339297255
304835474
293777840
331309632
337347209
320617825
311448900
297889802
311947923
313634577
342588468
295342756
324786027
324616725
339513876
356859550
288220288
322248640
313666422
339464764
294637446
289127856
294385828
319143197
337569850
285279623
305193942
328649937
296836879
328878473
292517109
337660228
322445820
352682397
329272460
275987540
312597459
321925536
278833883
290472542
335179051
309997496
347660460
321418556
294099781
329556299
329545870
331968459
294960641
311268221
341331858
316988283
311116491
335080832
315778116
307473570
334531051
329388232
333408746
346420306
310782168
255028691
322120874
322639050
331543551
278728175
323895720
331103717
319909520
330544071
373196872
290775365
305256446
330510646
351313876
316703350
337874785
383702055
325435390
348664489
308009922
365674597
271791536
296025370
312765695
329426892
369448031
304023248
305964053
318786193
322430080
340977941
348349204
315271606
310605781
338259676
338285676
345822846
327489565
297913837
328536951
324392204
287847856
306841838
291926108
316172846
305930411
298488855
308885071
330224860
341790570
330307258
301330104
293402791
332418191
302827109
334601575
307750894
302003276
290993117
324441254
341312893
355531694
310994749
325730981
355166971
340575135
344892561
304466282
311880212
288018372
377231775
350597319
331166738
309376454
296304379
297631067
325535795
340512817
297956036
304046398
323433337
325830078
308635988
275852390
303371498
286554442
330139544
318451574
316024527
288920998
329216057
321941493
336586899
313324400
301975136
318536162
334591416
340128573
282483772
318917461
314729862
346693259
324996822
298689426
314201001
339353992
341478182
304286192
271532566
331253067
319431709
314665798
324887093
344245057
308864965
319060213
354300368
352092541
327083707
288307970
324776765
301446341
320618971
318543814
298496079
340701895
330572756
311457760
286225219
292749615
334901328
333583026
328063223
312881007
290435160
331890809
313366543
341982005
304203216
305515180
332494796
318643575
344700343
289631844
301781625
342171045
324093077
322910213
346229055
303558571
328260734
341990299
319541940
347695987
307792682
325067355
309747440
334464180
329648605
307751260
294132759
362736431
359035840
357239195
321741292
307151290
328990895
341923677
350461653
366345381
328995757
316750686
315062869
297690705
325309185
287840204
343924363
330851250
271874007
350116484
309415151
340717822
378220096
323653526
343110648
303988961
290733055
320948096
347874892
339077112
347800328
295156315
297422063
323452565
352591944
373629372
294473703
293014023
302386869
309616010
332492360
330003623
280484136
340133004
328180321
294798211
301354092
292230959
317354319
340277378
339270261
320859538
301366062
338880120
346621462
322539706
297245415
320275374
332929039
324278677
348780420
346004306
289268384
308569040
290486665
325852769
334919054
267599297
298334297
282682850
323494273
328921019
295982429
320675336
320426448
332054240
325781472
