1539187
1585737
1809448
8092689
2513884
2383219
2594551
1941594
1519617
1744543
2700263
2786572
2204352
2727906
2493743
2417827
1646272
1617274
1576071
2497759
1460184
2538454
1588118
1573872
2527903
1487187
2185559
2439710
1553809
1988708
1678081
2275770
1821305
1513857
1834432
1611308
2496611
2138565
1586281
2331616
1538099
1487237
2785747
1529210
2292925
2519178
1566213
1715134
2695091
1669686
1604300
1898212
1610203
1583050
1662430
1501014
2516666
3430073
2540319
2706235
1612476
1558873
2442744
1659770
2833587
1671203
1606320
1628493
1543635
1657471
1614310
2166145
1594645
1544431
1494878
1596417
2483873
2708538
2620019
2933544
2034445
2878111
2499284
2235987
2814770
1551943
2418463
2459120
2352826
1489428
2484567
2526553
1496984
1554376
1681122
2226261
1602418
1550822
2617094
2375872
2460632
1564915
1659396
2252456
3536702
2483029
2483251
2461968
1703684
2434832
2468855
3211105
1559076
1869895
1938444
2598495
2269718
1732598
2187572
1565107
1542537
2680902
1510625
1506425
3086110
2431719
1515439
1605924
1621528
1664441
2345286
1594590
1696437
1506792
2553167
2017297
1904447
3034869
2025123
2460340
1552505
1623870
1550344
2714763
2615286
2353097
1824931
2601460
1580709
1539901
1584147
1509596
2420614
2423206
1504857
1566766
2554003
2524579
2671832
2564178
2309033
2588717
1510538
2643798
2379250
1720728
1622819
1583398
1749682
2507757
2596328
1658680
1458487
2444255
2626148
2493436
2957406
2375990
1557380
1530161
1621110
1566314
2403804
2557722
2401646
1539799
2461930
1574374
2598329
2394961
2533705
1517800
1571173
1499342
2464119
2851626
2128133
2533335
1899965
2497580
2391244
2411256
2385864
2375180
2302957
2385569
2066025
2364109
2581757
3196671
1612249
1871384
2483800
2567840
1693749
2736789
2548922
2591420
1609533
2723740
2065055
1568786
2062396
1566525
1598770
2460770
2102783
1610655
2823488
1691572
2636262
1860100
1663385
2524420
2303136
1504918
2438063
2598087
1522617
2445025
1514011
2439962
1633206
1982605
2395448
1668763
2551237
1573286
1549556
1554549
2559604
2378200
1476125
2412744
2674910
1537930
1554576
1461384
1767060
1597487
1781410
2342809
1717137
1831353
1562938
2851921
2555467
3264088
2798716
1512538
2235961
1610694
1579944
1501685
1518844
1981002
2534627
2913718
2013975
1980406
3285402
2404704
2478432
1667441
2415157
2361187
1625977
2401467
1623231
2715571
1563797
2039571
2559490
3272227
1458478
1639454
1524088
1631066
2274034
3252400
2140073
2313547
2454111
2035606
1755429
2167369
2947375
2580707
2297104
2491065
1617881
2462819
2442377
2366249
2500499
1553349
1694010
1542141
1538308
3322608
2259852
2731519
2432421
2497225
2554223
1875682
1553342
2708752
1928095
1619971
1976516
1986953
2256477
1563818
1599210
1632721
1618643
1597370
2669645
2608197
1576146
1536574
2436824
1635598
2757198
2487136
1561769
2315768
2940690
2748369
1606249
2415896
1610188
2661051
1610741
1963999
2621709
2675729
2333005
1951238
2396636
2645961
2457606
1550737
1595369
2490248
2439442
1535589
1595761
2669249
1599109
2392767
2303822
2401315
2721748
1647838
1652318
2509491
1610540
2527025
1651501
2750870
1726145
2438523
2445820
2547744
1589888
1551305
1544603
2430986
2094518
1498959
2372024
2705947
2378799
1862942
1535616
2311848
1487267
1527606
1641979
1508449
1543411
2506208
2376796
1688176
1585070
2035737
1622834
1649555
3343242
1641139
1493285
2203053
1513940
2478854
1497284
2965842
1562298
1574863
1567146
1600463
1671304
2343617
2962986
1609378
2775778
2957473
2424915
2593156
2176798
2301830
1723603
2930941
1554744
2419441
2389202
2289640
2437012
2730160
1654769
1594671
1468691
3147088
2448626
2564944
2709023
2401920
2208667
2819266
1585949
1648140
2452402
2019754
2054290
2172325
2601831
2778870
2230313
2571901
2430353
2747012
3246489
2781648
2883948
2816781
2905372
2521251
2275181
2649910
2636120
2349938
2557078
2614840
2203641
3691372
2679024
2584433
2500905
2804931
2510144
2309929
2572811
2458203
2344602
2422245
2430180
1529539
3042432
2588085
1700861
2020178
1570218
1721594
2472999
2321092
2230027
2243640
2147486
1914399
2705223
3322900
1954190
2412889
1595181
2088648
2612725
1604738
2478589
2237519
1558744
1584520
1639134
1568988
2997713
1595618
1580913
1639428
2307076
1810213
1600580
2697477
1534974
2486444
2530728
2567622
1650638
3175390
2638154
2383501
2453055
2120738
1471601
3614573
2502541
2278699
1561319
1499274
2381547
1482645
3046934
2380083
2593754
2590090
1572001
1569235
1947345
2552983
2061200
1501942
1643771
2275673
1739734
2590493
1493549
1523138
2085625
2755752
2845336
3284726
1517770
1583705
2618118
1546631
1539009
2621607
2438721
1706143
2441797
1545704
2681463
2456048
2708854
1725601
1756552
1574512
1494882
2403069
1813275
3596866
1547190
1522815
2463717
2634101
2441563
2373554
1710467
1907557
2793037
2574160
2063029
2862354
2519275
1566381
1468199
1478094
1704107
1521698
2354702
1520255
1625458
2225436
2470755
1693012
2612291
2651895
2426322
1569475
1920682
2028693
1570650
2851819
2615255
2653007
1841370
2009190
1640178
1511837
1578846
1568682
2615920
2356576
2408464
1519488
2635276
2367833
1500957
1532885
2173430
2442934
1902804
2749361
1727309
2258826
2652396
2369748
1527112
3547017
1511854
2617125
2232032
1532745
1586571
2503819
3454613
1542003
2473816
2608784
1522971
1462781
2552773
2575999
2129525
1486211
2068975
1697787
1714170
2534153
2742257
1600208
2031689
1539763
2545524
3069873
2348989
2514150
2582274
2273815
2515918
3237028
1520891
1565038
1548446
2337771
1777836
1518036
3384006
1926033
1534175
1598228
2399250
1575527
2586221
2198670
1563015
2119559
2500594
2424892
1552405
3177051
2873088
1560110
2529620
1516424
1595660
3581362
2703893
2739455
2394671
2526461
1560411
2506155
1667671
1671962
1469704
1535521
2025973
2565655
2587734
2047961
2173168
2490998
1535013
1592615
2568835
2584147
1523598
1593105
1536080
1561399
2395762
3308756
1522079
2384964
1605342
1534265
1937506
1656509
2312668
2441596
2052544
1588314
1559478
1522321
2582288
2469676
2369201
2536294
2829793
1572564
2548032
1583742
2539728
1520971
1593989
1478537
2753530
2640820
1602908
2383737
1607899
1531161
2111576
1532849
3119964
1640528
1646896
1891066
1584910
1587568
2347742
2440273
2036734
2359471
2047857
2631830
2783549
1584950
2346443
2251642
2605479
2920506
2615824
3010651
2047677
2440950
2526315
1607840
1622969
1855373
2573458
1514298
1593227
2009079
2432858
2643682
2842826
2634177
2390542
1579464
2590872
1802170
2746116
1518602
2385644
1594540
2276168
1615312
1730567
2324255
2848125
2271788
1584579
1565544
1687166
2283960
1545198
1599038
1609257
1805517
1636867
1488876
2256185
1979094
1529392
2505268
1525429
2810375
3728127
1513557
2586456
2343192
2462293
2780348
2952564
3309104
2696364
2435117
2465212
2564822
2461459
3151846
1703429
2487447
1612039
1522283
2081870
2648453
2448548
2585941
1588019
1698824
1597953
2822625
3061898
2114721
2504576
2461056
1833714
1799105
1959072
1616348
2575309
2496495
1572352
2014271
1523789
3520809
2511981
1613108
2465823
2498020
1479054
2865651
1635463
2364505
2128924
1757644
1846105
1582752
3394271
2417201
1851382
2325594
2644055
1683987
3337987
1505106
1583625
1568875
1544024
1546654
2640259
2526142
1884831
2495749
2446944
2268176
1584647
2387713
1509205
1556627
2541547
2512723
2004202
1624957
3029017
1596408
1521487
1578110
2621174
2405098
3245497
2281159
2768413
1717219
2330238
1576303
2304728
3664214
2539008
1632333
2400732
1643786
1538725
3336515
2661599
2497327
1577650
2564167
1697348
2578670
1718437
2645266
1526120
2398262
1945795
2236464
2665116
1660110
2143207
1466397
1680533
1500545
2436363
3276351
2348152
1467983
2701661
1525601
1829923
2944047
2429905
2582971
1580132
2684379
2703660
1663357
2569297
2431758
2725784
1989739
2255901
1518086
2934284
2119671
1565564
1542808
2605443
1585602
1557786
1559948
2595628
1594504
1534874
2567877
2287125
2567769
1544167
1500440
1738133
2503100
2146227
1589332
3431883
1595793
1562503
1556922
2182310
2528468
2876596
2192325
2412354
2424730
1748664
1523498
1631743
1498820
2637801
1667942
1636930
1616499
2418146
3142152
2178318
2679624
2430944
1973900
2411718
2515201
