618479254
271088325
242948987
241702082
280765680
267339238
266171661
234290907
255084565
238522720
248035351
241098033
238175890
259465844
270107864
318664463
353278315
272842641
272404556
278519980
307207855
282644978
257661922
281023557
281664117
295868742
230378440
230289023
246552535
265346530
272239736
278160341
276388858
259286894
249738033
450993543
308466342
239533734
278869889
269663330
339610628
241773702
283040938
288491791
249730535
235935245
269523772
282038539
288517008
257402194
271501436
272386306
272417408
227327360
280191653
307170055
263977468
268086677
329854239
262117578
292333193
290798960
257791933
245142000
278922983
269756210
286022115
270579448
272164664
286683328
266506625
288938653
273247321
272090361
262052516
253817742
264270464
282720834
286214614
294368363
287638355
285932470
263905194
287964316
272162002
304249638
280526362
263462265
222177447
295399682
272682085
286967412
271369290
272772159
289754070
278903382
285648898
323331267
263779979
242744886
246176302
478763033
286760526
248429693
265104711
277031055
301463781
302232141
236565096
281161500
284082007
245510042
270841141
260013702
263930281
266516042
275115895
244277782
243484206
314369497
288387027
271056562
246005002
275601593
274363201
238588151
297002599
323735942
276653895
258009532
272643408
281032924
236478065
299611446
334749503
293543308
286162144
286378540
271156992
253954263
282727387
258806116
292313813
255845158
296785164
263537344
287362844
282074312
257443194
266265327
277127410
273962445
548172574
285781647
284115129
245247658
243650814
287694329
278027534
265592077
265865681
277213789
275213402
275838294
259853142
266654479
266576598
253442073
273487130
307268358
280536033
281414718
266589335
247329507
283948773
318886708
303185539
251171902
281170592
330265041
280742604
287393307
254266236
282124408
252421130
270604375
313039140
279199324
256729426
261354433
327124035
280951549
307032925
276186947
273770684
312137613
306489621
273868473
235564154
251503585
269903045
266884426
281062603
284948133
276813835
266785701
265626670
275701360
261403974
284829135
269845467
285989140
249385759
245411783
309395565
251191858
244159258
244255734
246682830
289188058
274083432
248255381
311047659
236961035
231886495
330420571
239654851
246471611
271281454
230555091
225680041
258620187
286582809
253764970
288955263
206946137
281142505
283358190
257016189
278663419
266724728
262730986
272120622
241410369
297033905
262042123
266574251
249144838
291240631
323234486
255658804
276776244
235516808
224902091
250700537
241664425
284182121
282572791
216585664
246756937
241397759
238046132
251775426
276876517
287777628
283534175
257926776
286053263
269165590
245589663
254205220
277664643
340840373
272834387
286924909
285663258
267598128
272415772
259362222
270276128
266704989
245623728
281818617
328387445
277041537
276664503
242043421
243540557
249369444
261086862
275448903
275888595
268865345
242338531
273681707
244472837
292793853
533164349
295268544
313464848
266736622
271900864
268730706
310317645
295543783
264540528
270234055
269303679
257762666
276933074
251193369
267145231
292375999
271846495
282879106
241798600
265722476
246375353
232983733
284710182
314354522
291980748
254122629
259552753
241964341
263525256
260696425
269483489
326193984
263182512
271923045
316192293
254770139
236199967
207289584
290816290
342321632
298421289
280881595
284120214
248914476
280474346
269982413
263247417
273897255
278528296
290026169
272360635
273436071
276515269
274058403
275475861
278547305
246907100
290984920
320504183
229654121
240741114
250440759
244734545
251838630
275419090
280370368
237327208
263764714
242644968
227061536
248531252
216702263
305388198
274598380
262818624
277135371
229585622
284653693
322245327
260545099
267827085
274665755
274227525
268772284
245557262
245340854
279602614
293224707
276972784
276643173
333828836
283089702
278988604
326665925
229113837
218630927
286729664
246681749
251583281
269568653
277258087
264449732
264613397
280780202
249135851
274898675
272266379
273308011
319888040
279970311
285755813
229675095
230409917
267619840
254487778
290103709
277146748
274963290
274895251
287311588
259159827
278568486
271154248
299368925
236015400
244679804
252229278
273616873
294490992
278793926
261061081
283696829
278921378
277711156
292014731
476080377
297714711
261838205
319457117
252858528
281477737
276047302
309389671
272578457
247190673
240690344
281966803
297562380
272191170
269807584
264929654
278619553
282401762
314930508
281181484
268912327
272096992
269194569
252896838
251230335
267388947
272689691
266741021
246257044
235645149
253679441
262911511
256218067
276400881
243762319
273094841
227715267
279834708
307965068
266267083
272567823
246373166
281184944
248754782
277461271
323885743
271928060
239794445
296029338
257237737
256432926
274346849
289963213
268776184
275671710
273045906
271603509
580922176
269167779
284484765
247410213
241331370
233719380
250313941
275511918
274139387
273796490
272893250
284560599
264499432
266963175
236877742
264761963
309259960
277655008
290299315
287441141
214509474
257068614
273397788
246077156
281915120
249349724
280129623
257272312
305752994
312923273
285186090
275536837
280466626
281704406
281639642
273404640
279644706
253193557
277542971
259915851
269147598
302767361
265084907
250744496
240888702
292022159
318230496
285008992
293041012
239976399
221821085
276310773
265928341
270623175
273092624
264857925
273732622
271305895
274716666
266984268
261113043
248670191
277551988
271635780
288758126
296229041
233850378
243675363
253338171
239385826
325614796
313066513
255385951
290240719
248880903
291155376
295385275
236808837
259297030
273250612
254246728
275109537
288229881
244515449
255485838
237531289
241682967
276153153
251531291
239590300
244483430
298565024
317182760
259034474
269686343
284725522
304106208
277258517
243258920
299719024
270212520
287354825
292618610
249793821
242076928
284063187
275234992
246155222
275068609
264495229
244074913
261258150
257163775
323440552
330700024
287883235
283932696
225309539
239413185
281743363
312495891
253489761
278660939
270524838
262069577
275598565
253080548
279230301
271198954
283060370
342925074
330637323
268343172
272900368
274190512
274330911
277951816
280131422
265300466
263914663
516608817
310324836
283030479
267507560
269472414
232221361
248153492
292476710
302146668
276101298
296605919
259792933
277874491
270849671
243098122
279028193
300496355
284288991
271135251
261519621
269421449
279412727
251685799
280808561
277516664
271905048
272811049
266160831
262508730
235414685
219788530
267833950
314769737
284697544
253730746
268002694
253930932
289712845
321180967
279664085
237385676
242800434
260266657
270817923
322673341
256691013
292307344
271084529
235599250
276660159
310374244
275402318
289871050
284386159
241838518
242870497
294296389
273287657
263571332
285797632
269244061
261496665
285540505
264827213
495788848
295947832
302158612
280651523
330858435
270568528
249288986
247033352
228602022
288933480
283259776
237362667
239803276
269821583
261515630
258737102
241822960
263015739
284535394
271692220
268464239
275384211
282214586
269912744
273652103
286560623
313366739
244700687
278070284
285143765
286500652
248116535
239833086
246314845
286587973
299361099
284616076
269612655
277637577
292005083
282497253
322854772
267829759
277713305
288752226
272460530
245878932
246210504
291735493
262404154
270214196
279939542
268065124
274302511
244308803
256417219
270609135
279987691
271376524
282890648
282540212
262076158
317088664
267249886
274461912
283912036
251022483
253712574
260118764
292631169
275809457
263304647
229468813
249511447
253988245
275410164
246075982
284496023
265329966
270472390
292614520
234664402
250512182
248778924
263448605
273443963
241994046
241374442
246646223
273269627
313663385
263363283
267423496
297227959
265985434
276181911
282485564
234886755
269850647
300460283
282618686
247358292
211846591
295598369
320085458
278867655
277092836
279946155
297730802
290184891
283504811
243457806
254602608
244057699
237431938
232817108
238593633
251845878
298992735
301694070
261550401
297215103
276886872
286143377
260159249
274566196
266861852
282469111
237137442
280411498
304538225
283812213
268872148
280787300
291014583
280173061
283877898
288932276
284219610
279024663
479237075
282561431
711512726
299492320
285237842
295787137
268819183
300693398
296627714
255859554
267638247
259046612
287393968
277069277
287296796
282247122
282698366
280847690
269797652
320870117
279160819
317294446
303190229
343328817
260918000
245661537
243428084
301275765
288258046
338983826
334541146
266965077
268210142
250722251
245342729
349689495
376743320
344390243
288377726
314341129
261550230
289867473
312310685
311399773
253492186
377973929
262331909
244798891
362309456
336345739
226777242
295461266
335889269
262318301
272936472
285758704
280731380
355428581
360282829
427294093
349112482
257733052
240654210
247365753
311342163
315492820
300249673
290859594
285337813
267218711
301118510
283900164
311696248
312729733
285484173
290023746
241714444
326370993
281525882
355128418
348408879
235317980
338047213
265810656
370823865
282996553
252175518
236781573
302359679
405056894
348092381
276066301
304110081
256080570
267350268
334843285
278276904
327186889
282801597
288344706
310229428
326092583
255458747
359848994
360674778
292316181
346697304
317408484
311780999
365078549
362218441
266054572
284098915
284931424
279235089
304849881
342829073
350909935
517014100
302877330
265059374
286040241
311686258
243083386
345406259
266698937
293892302
291615844
342727009
292723456
282919090
269886513
329291123
281936381
253557534
253059286
295190253
287545764
255393800
255216544
268905028
278698862
281482942
234400028
274807571
297771704
281225276
236684479
332440009
322423676
269092184
269445396
294379659
484733460
288223084
273685039
284476400
286547816
261484791
266760142
286714442
284452474
526617322
316093689
286693494
313760265
298329782
