18257374
13007248
20000924
24890636
15329898
15258725
15554075
12994113
16768797
13794990
17344369
16326032
16394494
23012933
18576815
21566240
12469061
16056387
17128227
19672922
21404629
19951444
23368723
21807470
20112266
20180751
17534294
22411627
17732666
17924319
16127902
18668315
15883616
12606042
17799384
25424981
17995727
20006271
18196173
12705623
19702821
19426835
23691181
23247776
15724463
14560074
16498343
20763668
17482728
20336693
20661125
17501957
20009028
21609985
19694025
20447155
15532225
22633954
16438309
18501834
18926722
18703834
17904957
12504840
15372461
13183803
18998917
18569385
14216652
16187235
17667360
15786128
13860407
20694952
19289140
16177933
17376672
16570260
16421695
24639647
16815910
19127848
25422297
22408836
17435704
18429411
17187406
14343056
15990582
12825519
15759921
17903944
13549930
21009691
16106768
18289782
14595027
12481604
14268192
13353654
21758767
23966403
17757040
19507061
19003806
19457918
17269995
16472496
20369312
18544953
20745815
21446426
22442453
18216890
18718266
15675687
18878547
23723029
22480728
18767331
22577119
23337395
14209268
16278983
19849415
19351024
22409131
23328429
16892171
14950032
14923024
13349270
11999550
25628219
25166062
16506284
16668422
19522665
21024448
15835033
19627719
19081894
16200399
13401836
18558653
14939945
19600449
20573153
19715873
22206213
17207129
15858807
22343441
19703855
23823228
16535141
14559204
14231152
16931847
16870288
16093130
19053809
23186524
21943688
20113189
20454723
20478607
21239549
19692463
19309367
19118171
17610634
22787356
19062351
15396515
19078247
25675040
21567269
22634938
22001825
15675038
12422601
22639875
21462501
18439960
15841620
17802565
14922378
21446859
18777045
21448393
20484438
19442680
15652620
12832700
15060520
15841595
18228289
15602224
16014620
16284307
13930261
13716923
13356007
21632814
24742221
21396352
18329022
21745314
23226472
17261958
12913988
19014998
21625674
16910426
15525811
18564245
12252179
18918360
21183043
18032257
23489380
20026007
22688425
16774971
16467481
17325427
16706995
14119885
12975883
17954372
20747582
22553170
20771845
19488708
19320072
15999389
16341659
19677073
27088494
19169767
16247786
17498107
21838100
22096418
15102071
21897974
16656568
16730315
18320007
12439822
20887548
21198212
18983461
18140637
18901258
12125643
22034333
20771310
20396844
19235785
18262468
20942710
18362890
16451923
14397828
16955239
14968150
13550012
19587609
21841734
21581806
21413254
18095219
18476954
22966729
13378081
17220956
23832644
20395518
17252202
13481171
13880703
16807562
21131016
23156424
13950150
17594362
17922604
14661276
20849145
20374743
13844036
17514064
13752977
12463210
20597882
13245392
15661755
21287272
18002172
14548779
18386795
21672498
19225924
14453994
20269723
16954546
21374694
20013176
15903035
18492273
19803356
20769237
16220976
27467779
19367485
18902359
18265720
14279051
15315601
12539917
18696475
14031668
16730587
16671517
20207298
20745838
17319707
23265839
18782926
12587197
14713089
17588779
13141270
13676801
20108680
30403719
14620085
14881125
22952438
14172649
21374671
14029055
18068858
20339306
15281815
19637442
14171353
14000703
20668439
13346753
18426227
16630881
14531823
12706488
17007484
19166597
17878862
14656029
17209077
23215650
17214442
14037319
15404883
19214509
17538987
22265177
15032171
18715390
15443025
12127587
17128266
26599289
21656177
18669447
19635058
20123638
22832415
18260773
16788954
19294964
23621210
18071837
22324073
22160159
16782203
14623202
18610275
13479809
14271657
17736802
13039178
17471046
21753951
21052058
22915584
18464540
17696479
14386250
19141687
21862125
16862060
12464188
23611982
13799468
12349304
21182700
19532174
16965987
18639945
18045004
14120604
12710798
18546338
21815711
16447478
13576231
11906453
21679658
20492084
16581122
13308576
16139286
12470554
22378828
20423897
20309191
19206411
19766413
25792337
21340466
20038455
16250349
18300416
17986848
16259564
15955062
18769476
23266765
15647336
17367199
23967846
20748726
21946556
21340385
18337931
12284168
25271763
12484594
13232464
21669426
18565322
15403875
19734849
18260508
13761636
19529358
14357365
12444704
20129695
12968733
15237623
24440630
15490465
16546642
17893200
22636506
14318179
16576463
21792467
19323082
19003726
12582694
12379033
16327666
18901783
16296104
16406844
19893211
16296144
13774830
16471138
14039029
17802363
14066504
22282487
17656199
20189717
18215512
18360293
19096026
15637448
23311217
18067319
13540688
17566405
19802655
14012069
12824938
21024181
25190437
18168785
14962210
15517768
23829428
16788543
18611175
21388954
13887638
15249475
13249382
22143693
15803789
26716671
22820903
20186529
23324917
20499204
24231420
24990159
24333692
20262232
23765238
14980127
14623400
12454233
17017768
14031704
20170275
21209102
16011615
23669138
17736017
15492485
20946244
18374844
17242187
19789339
24116187
20186541
12977938
34353732
19451446
12516296
21590862
13534147
23070051
22796516
18899158
17735111
19615429
17292379
16878298
24634428
15951465
21671900
24431527
21805163
18460683
24727225
20935550
20609875
20877682
21005545
20016918
15550301
15020775
17787682
30068834
13327269
24224397
22799103
17564330
16300734
12167256
20695214
24758385
14170523
13891654
22713399
14104741
21015907
13571950
12761042
20451124
19988879
18458551
18272101
17500013
19293949
20377028
20548793
23680981
21285087
15016702
17700982
15959126
22479942
20408404
19842459
14206594
12548612
13683054
17417119
16493243
21915392
19049593
16448766
16329009
18996568
21625003
24086010
16290611
18351434
18332864
15697185
15240908
16717507
18981325
21855690
22084953
15782502
21577161
13580716
14267751
20385605
12927857
13719467
24394494
14290766
15543539
17379522
22443086
14237121
16126786
20902076
19888149
20455342
13611618
15248189
20524835
20249741
23503713
23029800
15669455
14872524
12102789
15701397
16687907
22916187
17785882
19558273
22249949
23713943
17085384
23420880
20937896
12519144
17728408
17890548
23149282
14661763
27018838
18708646
24461829
22875435
15221555
17587032
22873321
13181438
15004594
20550729
23384179
15669172
16920543
20117352
24596555
12364483
14084129
19794314
16138788
16403953
16661806
14395007
19542396
12778125
16030892
24084428
18066755
17715587
21600576
21242063
13989232
15393461
16526538
18237654
17025219
17122895
12551715
20921711
21875464
17215057
16993853
18248308
17999864
13017608
18407719
13992752
15528719
16520083
15160284
18438230
17842755
22198896
22169674
14143723
17928642
23220606
16159622
15272995
22579465
21507264
18038352
12437432
17049522
19696377
19775214
15678653
19466317
16877072
23446771
19855977
22085671
22928239
16906378
19542278
16261452
13026534
13625198
14611472
17682942
15770092
23624480
22462382
23121541
16673228
16728765
12231712
13785664
17358657
16483891
13982279
18789846
17862180
16993428
14538589
14006301
12901742
15284292
22168515
16547463
16890860
14367099
20822155
14356700
15813826
16336568
17212453
20198787
13492974
17818706
21229790
15686206
14503128
17665007
15912864
14652398
18291377
12681973
20169816
18538665
18363791
15212130
12373349
19743265
19321397
19756490
15993600
12775142
13363700
17695654
19232134
19027239
19537701
19412480
13780653
13746174
15724088
17021071
14697920
17132494
15471833
17829469
16181348
14288987
16624997
23157812
23887855
19898711
17538563
19549794
13318466
19773354
26357862
20976189
19836874
23731015
20508210
17617973
15914299
20878843
18083719
13610856
12252927
20133155
17572696
20635388
17417247
12503743
24543199
16342452
20070700
15386590
13165020
12360191
19339025
14399041
19413328
13860073
18126862
20561883
15451691
15224157
12150282
13766054
15715360
21222182
24095569
16194827
15941404
18426009
18182516
17155442
12561749
15887378
18147686
15439767
19644868
25564650
16194605
20497027
18684753
21824579
19766655
20136542
25004167
18657935
20822494
17103709
15063106
17201310
22921790
24747075
15831955
16637524
20334220
19528251
16864505
16739435
13310531
15289174
13374834
14067186
12312592
13018024
12333752
15641603
20298056
19032553
18215123
19481310
18472193
18907805
23035499
22401260
20492215
16462452
18608933
14913168
16377079
17498591
14075363
18195909
17986763
19103765
12780880
15196750
17906313
18826100
15692869
13060539
16662489
18880761
16226577
16189679
22298341
22543339
20828377
14419880
14845061
22693109
13449289
12331893
13055867
13013667
14020591
13108843
17304350
22419956
22712584
24168371
20192985
12919085
19640217
23730640
17213334
15257549
16570388
23583580
22220135
13249683
15704157
24329114
19362759
12368928
13276219
15450431
16365342
12416602
16198434
18317497
17669360
20370317
15758837
14643397
17732890
16426728
14903764
11896353
23361593
22566049
19513384
20314840
19568101
18995021
15517400
16134172
15811353
16227033
11929863
14763171
13589427
20371921
25044819
19997449
12461639
19649264
23389636
15627984
18977364
22551343
25464345
12941965
18618405
20365293
15062196
14255980
20210488
19626153
18544763
15568934
13854443
14336039
22120020
18745537
18885326
23666238
14117543
16880633
