1427420
1636371
1504943
1953298
2343110
1750684
2335710
1424333
2323214
2428857
1436709
2086244
2106790
1472902
1502533
2260928
3106406
2125558
2256748
1444656
1840345
2043985
1436835
1446828
2294862
1697022
2267168
1438713
1540957
2234128
1431633
2239323
1417718
1459781
1413082
1502427
1438528
1447438
1614816
1427153
1451961
1424212
1433758
1451293
1427305
1484818
1452534
1833691
1424711
1430214
2742909
1433746
2465348
1439387
1474971
2335118
1440340
1416839
2194659
1459828
1472790
3751050
1440623
2241159
1414447
1437198
2255087
2290596
2281201
2272905
1437651
1463223
1860039
1616988
2297523
1467667
2035483
1700361
1768488
2370951
1868665
1600346
2163774
1467177
2264661
1938901
1449241
1444956
1477743
1446844
1975550
2196127
1429480
2144193
1429632
1446809
1462236
1417516
2136015
1411242
1474397
1419100
2113729
3235377
2359918
1853890
1489027
2014664
1463569
1484150
1532103
1561173
1429650
1450457
1458463
1426776
2099586
1475708
1468638
2156666
1445879
2752155
2522073
2338471
2034133
1797553
1444630
1440757
2121534
1431781
3208120
1464439
2276669
2270712
1436467
2296570
1425863
1714171
1430423
1728848
1433667
2253323
1901621
2931714
2225060
2276411
2265246
1434527
1821702
1420039
2250004
1418319
1942452
2162433
1432857
1475945
2441944
1433490
1620313
2233566
1452431
2236386
2335633
1460140
2187859
1435481
1452425
2203639
1596896
1464408
2295775
1971742
2255311
2300144
2245523
1458388
2282292
1417945
1468859
1429237
1425670
3427833
2252829
1443094
1470271
1761572
2231084
1422772
2238034
2186569
1422581
1432129
1445283
3393311
1443193
1424995
1483730
1509591
1413235
1474479
1421467
2250641
1672179
1500608
2138313
2252747
1413212
1450501
2286933
2747522
1455775
1664810
1441020
2730951
2710553
2666259
2714593
3407568
2304528
1416095
1445360
2292242
2346801
1419942
1495154
1674312
1471747
1431630
1445591
2270711
1472025
1492078
1442326
1465494
1676857
1503601
1519366
1430923
1437256
1431212
1471598
1430825
1417684
1447790
1811412
1602142
3387349
3372604
3388326
3498456
1460323
1429898
2658822
1517055
1454505
2841846
1452187
1416028
1432930
1463407
1732373
1417404
1442050
3574769
2204298
1680562
2232153
2453147
2285277
2332188
1436530
2310892
1431863
1991304
2323660
1477173
1471721
1478148
1441447
1415476
1465326
1446163
1484849
1461249
1428709
2652457
1451933
1531985
2392859
2119156
1455172
2447008
2792462
2129536
2233258
1448345
2500770
1656181
1444267
1487544
1475387
1550193
1412498
1465308
1552963
2015571
2578219
1483349
1436644
1469795
1486989
1443865
1469670
2145509
2251544
1466972
2015316
1446646
1546830
2405529
1492058
2698643
1447483
2074463
2021064
2167584
1445295
3463274
1438835
1431081
1448454
1480300
1557141
2234351
1467185
1617164
2265166
3247255
2262853
1937426
2203185
1438869
1443957
2079318
1448778
1496338
1762292
2260527
1443416
2326792
1404651
1937539
2346608
1431102
2255656
1418022
3056526
2279449
2278358
1432844
2285242
2303632
2284484
2313503
2294313
1411892
2229731
2276972
2041924
1749251
2227476
1929192
2351290
1491534
1443212
3237919
2240986
1436170
2255202
1438910
2283842
1509355
1445299
1444888
3228685
1478637
2304059
1407869
2302679
2263556
1436464
2252830
1451055
3269248
2343217
1451742
1423626
2228499
2327289
1432037
2594975
1433952
2241433
1447359
1505519
1494215
1481104
1592504
1442389
2228428
2251009
1439252
1462396
1463831
2164283
2122351
1445585
1486976
2222337
3242362
2795603
2802012
1565662
2267705
2241685
1426521
1914389
1488038
1452367
1480261
1423511
1504120
1490661
1435028
1472608
2012054
2357269
3328160
1435701
1458235
1403018
1449582
1428671
3591284
1525326
2786637
1422179
1974509
2111552
1427348
2078804
2309826
2099372
1454338
3459231
2253803
2046494
2143427
2121635
1575772
1442965
1427642
2311266
2236561
1560102
2008642
1410218
1472805
1427580
1402966
2224682
2391227
1471040
2378129
2269254
1407768
1435164
2238522
2320091
1434785
3061683
2276705
1447177
2263119
1500217
2378589
2245023
2290978
1501371
2031939
1474095
1638638
1517831
2322741
1425260
1730987
2264872
2903529
2412958
1410243
1432776
2210663
2248450
1524456
1416192
1421243
2248712
1418297
1469324
1494438
1494321
1448776
1516082
3043230
1415239
1824532
2524382
2727654
2449090
2290872
1435719
1443827
2145347
3284264
1438707
1512652
1443944
2104590
1471973
2272662
1508923
1425667
2884923
1407263
2159121
2273803
2149792
1798713
1449724
1446783
1453499
3040345
1436922
2360685
2404617
1506699
2416763
2300828
1447896
2252671
2272974
1995898
1436282
1435981
2294779
2222132
1440893
1681745
2607027
1468861
2289624
1491936
1443547
1442792
1452386
1467328
1907054
3306968
1455931
1437168
2267070
2264080
1689943
1469957
1490823
1414894
1463601
1414437
2228220
1541745
2235492
2273192
2239315
2246504
3229477
1493208
2244580
1516000
1442033
1475257
2216127
1476817
1460839
2267892
2309544
1663818
1919330
2264195
2691729
2228338
2277908
1453986
1414941
1448556
1465179
1766025
2284243
2201882
1448651
2193828
2524326
1429893
2077886
2247164
2283462
1622063
2300849
2227005
2256327
3259230
2278506
1408771
1752011
2251133
1496370
1486461
2115123
1424154
2503913
1515676
1435809
2246655
2719610
2352733
3341926
3405466
2598616
1455245
2802061
2832238
1919074
2290032
2518844
2691688
1883615
3205465
1997467
1443382
2162438
1854968
1985841
2244238
1753104
1473288
2598585
2288091
1427803
2126136
2147165
2275285
1684761
2263853
1418017
2245548
2002214
1416420
1769969
1426009
1448824
1478680
1452213
3187803
1474129
1584708
2311566
2207422
2223360
1458416
1417065
1710882
2219339
1472894
1802089
1484848
1431840
1986380
1464182
2293180
2359009
1422003
2729964
2690764
2728571
1419336
2747383
2283894
1454566
1806703
2064807
2453496
2258232
1447589
2267606
2259337
2259882
2243314
3262738
1444964
1449683
1468167
1601573
2206605
2303956
1599670
1455591
2469202
1410956
2332179
2159316
1429571
1550906
1513213
1513148
2382385
2233360
1676264
1476932
2092635
2266633
1402807
1428952
2132164
2537242
1439184
1432908
2249351
2203035
2123774
1456342
1458981
1458477
2898834
1957308
1455398
2266503
2244422
2245141
2272534
2313585
1408195
2262760
2182930
1730587
2127519
1418240
2247138
2291657
1472134
2264936
2207007
2293556
2303748
2247372
2340667
1506981
2143676
2281928
2778459
1452685
1421458
2181487
1428885
1464701
1447396
1785560
1483301
3081962
1449288
1668738
1422191
1771624
1475714
1428791
1479448
2270765
2257735
1439614
2282949
1430921
2769722
1452361
2153640
2349033
2569195
1491910
2241174
2103604
1483734
2244545
1442492
1482350
1419071
3243798
2272412
1445766
1404461
1439809
1429298
2034072
1419990
1446765
2230293
2542854
1460228
1470148
1433033
1811815
1467054
1440962
1461140
1570810
1545709
1444918
1434873
2141391
1571084
2155170
1482905
2655372
2088455
1435642
1555785
2482914
2705356
1486924
2663260
1817171
3430540
1405261
1442374
1451976
1456631
1417906
1432703
1412952
2253038
2250875
2257557
1438505
1415108
2220863
1441226
2222972
2124810
2563381
1408189
1615908
1451230
2201037
1861752
1726011
1486282
1414510
2895578
1517059
1706676
1431407
1638284
2272326
1440484
1458467
1444096
2254280
1427891
1476664
1493660
1441504
1426543
1515598
1458027
1773404
1420363
1483532
1420591
1773582
1466155
1439629
1453392
1462162
3203977
3256063
3302959
1615580
2712323
1838058
2367284
2262895
2549804
3475248
2233339
1431129
1411111
1457301
2254534
1474399
1428734
2271863
1415703
2358033
1436689
1499753
2297062
1416984
1464007
1428088
2416734
1587042
2074586
2252360
1420899
2280127
1420582
2211595
2285522
3273504
1590625
2275181
1443188
1435511
2216844
2251956
1455870
2225133
2267210
2207197
2289035
1441670
1450162
1474624
1727303
2241094
3258609
1937406
2369330
1923338
1417891
2275016
2246510
2332391
2294236
2895227
1449063
1429672
1458194
2354418
2454920
2255266
1445177
1491381
2235402
1447315
1469996
2370333
1506173
1445955
1445923
2142290
2356854
2383447
2423824
1929612
2222845
1460201
1859625
1504758
1511786
2518831
2244925
1935302
1461089
2180635
2307046
2263653
1459945
1437120
2453919
1976511
2340007
2265489
2209838
2297573
1456552
2357931
3116588
2211308
2263040
1447218
1469137
1901078
1427111
