23826895
23013680
26284777
27754738
19108370
22535278
33469748
22751230
22916469
17753914
22067436
28224634
22473172
23501868
24982241
19180520
16181582
23587243
22279849
24657474
19109299
23234690
24270583
20511997
26107249
19680262
29392984
26592873
27874428
26314459
20703183
17334153
23648620
20813480
22452265
21467570
19846517
18509397
23455946
17869952
19403997
29741990
28139883
27363250
21444083
25516970
25523680
34386031
28929424
32158515
23581006
17732520
18787852
18502788
26416035
27185366
26119123
19808116
23945889
21061984
23808020
20681602
26690045
27568774
26254494
19474604
17561491
17792794
28142955
25869044
27497801
22623712
29102289
16616488
16705390
18517287
20630233
19105208
25806320
27188727
20480141
22883833
19306612
16642365
26051283
28718595
24621937
31664307
26864045
19838949
21684078
31815411
28478041
22541861
22790956
16653816
27736548
21889375
22081125
27573663
19782067
20175743
29201642
27106502
26393644
26109820
31733529
21916619
20426899
24435084
27228702
29099754
20868197
26144109
27648702
28966205
24035144
27385850
21693019
18678502
17189536
20227026
21598971
24052093
25263008
21298576
19627013
24841857
27618275
29370976
20898079
17439357
31541696
22708400
22594912
23038793
25289404
27038366
23638430
16373764
24204890
22047961
18843067
20868632
25314587
17204125
26144741
22066463
21652624
17424712
26364093
21677517
20303866
25825850
20817452
23203146
23662663
21519384
27638870
22281644
16608318
26816704
21707030
25772065
21658940
25606838
22556766
20565275
22337917
28634239
27104847
23607496
22304363
21879503
21398489
34206805
19749694
51958874
32129759
24778198
26055376
25603478
25364883
28556997
28793478
16616149
27381503
23209302
17515894
35637261
32617313
21061809
17555252
28352416
27278935
22574891
19867668
21368224
25509191
22608058
22530221
24747837
20456935
21749471
24395316
17893840
22207146
16640216
24008778
20453521
17163000
17613506
19590565
19768558
29507717
26194149
28877824
19684231
28175689
22712663
18322515
32738236
28723979
30608082
21718708
24353344
20507183
31703145
16714102
26662750
32913048
26569475
23091275
22935368
21819918
22493266
26455821
23515440
19905436
22396630
24815831
26246806
21149862
22233461
20723712
20420399
22934771
24123147
25599234
22137198
28004628
23696212
21351115
21485213
23977608
28727431
24193552
26103890
23456236
17929863
30059775
24306640
26546111
21548214
28554962
24307902
21640287
17893157
24766205
26273020
26957295
27072164
24612261
24158567
20764587
25699766
28078044
18170655
27210388
23978523
24300236
26359219
26023324
23049715
22986641
25117594
26619370
24602785
28176534
28052431
21910499
23437516
22616706
25742889
18342246
27219674
23516392
18524619
28181871
27959999
27560318
19941131
23049349
19674056
21536524
28088111
20315549
19653537
22698672
26824824
28789045
20774223
23330437
28407222
24037300
24157537
21314414
32642749
22324406
26993223
25979075
20242473
22451127
22306031
27498483
23248572
23248492
26464281
20424692
30324967
22326778
24128271
28537947
23347186
17706908
25425624
30619915
27540423
17810402
21767175
23063333
16350992
26300953
26010570
27026313
28386385
22989505
19246563
22848584
32093410
23863954
28824806
22263629
21764096
20001853
19227172
20764582
21251495
25369687
28468307
32308001
25736267
24884633
19550802
20438473
25862112
23137043
18678157
17379881
22157788
22635283
29409173
24731683
16746731
23592250
62027647
24647907
22840966
30225682
19945512
21119966
24216822
27149600
22562665
18269506
26296089
20810430
28513589
34227491
64121095
32771470
38424255
27781990
32603533
38410083
30505728
32975728
30212905
47073833
29137227
28250715
31349777
41013076
21524680
26898554
17124944
28200338
24462255
25903636
23257779
18635631
28568197
29926305
25433042
24755939
21611614
26734195
18475842
22881654
24217197
21643000
27975300
18848858
19177353
23770959
23009504
25259831
23238348
30503040
21073791
25659137
22466455
26339890
29696512
21000300
20337712
26026561
21638727
17122200
30931365
34071383
25240901
25247392
24329332
29818221
29223905
18605814
40613085
32059563
29674793
28762946
27921081
22671001
17231806
24124181
22955785
25971093
20012644
30951873
22341934
22254114
31483615
22057005
31579804
22096559
21579667
22687469
17993554
22762171
21509985
32248452
23563377
21066983
23970949
28557502
21782111
27320163
26899284
27650391
27003395
21765745
27719124
28197514
22767191
24044200
20396031
22222030
20823965
16877495
21413800
21361323
22266101
28915844
24317331
18527606
23085089
16931553
17638424
23109390
28711744
20936913
17876025
25369439
33229712
22807319
24569587
21528838
22211022
24291296
23680337
24001351
21266952
25773898
20036473
20656175
20273523
23186786
23792649
28507076
24262491
19619819
23198637
24330332
25604078
25840372
21602854
24986039
20099670
20081816
30832778
21936421
26056375
24543974
20200980
22824200
17338194
25310127
24433679
21133643
22318017
24778193
20599704
25577982
27808525
27275497
26257381
26733751
20441191
20239448
16927712
20912124
30264912
32702471
23578124
22255182
25646642
28742725
18275996
19510364
30831953
25629141
24448253
29735907
17360551
17351324
28567959
26526453
19528212
20843715
25972114
23469997
19878466
21037859
21714025
20401892
20975618
21236313
19900412
26044644
22311142
20222771
21430281
32747612
29394112
26689128
27051846
23523781
23754185
21336173
19487913
21576600
25797355
25340675
29298850
26015709
25709506
23946228
26196448
30134066
26366042
21783894
24038110
21728750
23777156
22734333
29651470
23665839
25146472
26933215
22471776
25019966
25165019
21302723
21253104
19021059
25011931
33506844
22715977
24276319
26862968
27828515
26715943
31351228
26949959
19223489
26482627
20050658
22279532
26370753
22642974
28728712
23329120
20001246
23916270
21574169
21378315
17803654
26456418
20938659
19580707
26367234
30663328
24409944
17239920
21836093
20655613
23348803
25145071
28117743
22626547
22056049
26806743
23448145
26196397
20306836
17913584
20388785
23634952
34527590
20574249
27378389
20128885
23066335
31444727
21354427
19451207
27830893
21152776
25346020
25662544
23438387
17213413
20536457
25961601
21848570
23606185
30432679
25736232
22088711
27247614
24145277
30333622
30559062
25749216
26053902
22303215
18726183
20037768
21186701
26212981
22870264
25430574
28946470
31167599
20351890
25070280
25783615
23287325
27528577
28306625
25226965
27468862
22996875
24022601
25580330
16963019
24429651
26797502
18234199
19384582
30483404
30565826
27094628
18106415
19805072
24911904
26948403
27671230
22415080
16925333
18663896
24579434
23576138
18576001
20244525
24017220
28194696
27744107
28095673
17872343
16587983
21940312
22416132
24906309
17302549
18179344
24066946
19656108
19017061
21317361
18117548
18242891
21389835
26836787
20936347
21882347
25576709
35137288
25844183
23040793
19888810
23254968
23968667
21575140
22856144
22935415
26875858
27909186
26973025
33405410
24541043
21208242
32918229
23948547
27903475
19656285
31112649
30637345
23721578
26067551
30163437
34269306
22556828
31052072
28086460
29561305
27443446
24386795
27629926
29332183
23716044
25075231
20650095
21126318
20511945
31087336
22677544
24545012
25185519
30482060
26577058
23481940
20309635
23580558
18369115
24187145
26328379
21248259
24482005
24319081
22158650
20525738
23396288
24939284
22725401
31548210
60966691
26863525
26133552
30630537
20661007
26666809
32470205
28104174
29311474
32869522
31240114
26265518
24428449
26384142
35855575
24496424
17194411
27968233
18953170
28044723
20099958
21371053
23795247
28223867
25847891
25150041
23119029
27830401
23762768
20665516
28750795
23151712
25870449
25214523
19710795
20623298
19751335
20620425
26761561
28619398
35310922
26334997
25066670
22487170
21026877
20891724
17072757
27799335
26580941
27201798
31687226
21556725
32423864
31460554
27072647
25687774
26295198
20366101
16745110
27531792
22974089
19712230
21858587
20053422
19740084
19395865
21430976
21421934
24240447
25165409
23729165
26143828
18123055
23582780
24930675
16746771
25175077
23262918
25779186
29166146
26315237
21652229
24921165
26354974
23171849
18506136
17171193
23285586
29667238
28700326
25573888
33215169
20591733
30459173
23091153
25993760
24580183
26230600
28135855
30422126
20448419
23673365
19060512
21021771
25375564
28627402
27472881
22201003
22768897
25050113
21383451
26283317
22410195
27985138
21139864
19236241
20355413
26134092
30099256
22978391
19492864
26899329
29930606
17933116
25191703
32135936
25003600
20969392
24104833
20316035
18285523
25709119
20611604
20898325
20041905
25447321
29980918
21865890
25424484
20541165
26573106
22497474
17055841
20117077
18177757
24628166
28394273
26547575
30233362
27009720
27841035
23470844
30983728
24747472
29893496
27491558
25511133
20937588
25502977
24143409
22643530
26061441
26532953
27506457
30061750
24575359
28892910
27512979
27558063
21116419
19464091
23086020
16637558
24810820
21800792
21984247
24825156
24063753
26184910
24315537
21138870
19646982
20379841
22634850
23953294
28726664
21411461
28826103
27070828
19244653
26671024
30946153
29182319
20615151
