696356799
180222051
196479289
201676546
188909525
184815907
277907312
211871593
200784683
198263258
180230625
201489826
175808966
179487166
171166170
175314745
172296693
218522871
237537849
204490176
201168931
213025165
449787277
197840037
195008780
216471222
214525929
229368797
166356524
221011984
184884441
189467560
204996778
163954016
178388280
173600822
174587286
166755545
182494689
216559629
239947164
186299246
217280028
192454199
201352706
267381274
207700033
222613254
218482449
210142915
240605812
211745404
226314151
222613690
204203591
199201272
171424983
154128705
210806537
206630624
196251202
186650240
179381248
204731435
182700794
198317955
245463380
281540373
207211369
203766414
210081058
195489727
209182782
223565513
198096056
227874549
211663491
218855464
211365393
213908751
168311188
204972714
174527205
178823916
225221718
202371098
223137317
188381411
177296504
168519211
220189041
449858361
207914605
209843259
209146393
213613999
198981025
188457108
204578433
163986595
201915871
259227356
203470218
212181467
186254750
201083284
199305513
242236164
186784478
191369009
247741239
210176647
206709031
208034599
209169362
203038937
221528880
209928134
229081240
168418228
190303693
168199556
149023839
253922806
240743885
197631651
207179941
188836239
226712912
211905422
173022156
175647910
205308963
216028631
213805971
175518778
168388152
194955525
211135952
219818974
209498079
204134684
188755174
190390430
180455561
174605089
187209712
168904838
176083946
174438893
169025833
182303417
203315382
240773112
216206453
188612959
219775155
257478840
446374682
232395156
235940615
176824504
182408176
187027060
198382182
198725476
193432215
162937798
176776207
173073979
165794605
190286622
189232086
166474087
172997497
159182965
218714306
227808255
198530390
180040830
209564982
221720525
238724247
160998686
207206848
241008751
205908093
200792449
217829100
189258310
198720133
218729702
209593990
204042760
205860481
177982025
203892023
208209061
181534863
210673489
212885155
219396164
211327639
224205276
168640991
209215881
223062033
230297522
255276808
204534553
231591773
184116911
181958529
236814281
190601453
195238735
186648277
189571858
181052107
168636177
192770889
190536952
214532762
219208739
226574700
220998625
179616198
213769507
242373262
208293590
186190430
193516148
236344916
208547999
190912090
213957117
194933274
219691061
234558259
215819845
176841569
168290022
207687080
200598264
208140871
212677950
202250639
223797449
202131238
214659529
452016456
234204185
215975396
189527012
216370076
235266849
165913288
173712162
181768271
200063234
206741519
204377537
198571827
194982730
199870146
208852828
250347714
189193530
184474366
201520964
205632289
212582356
206271168
197519343
246261095
222259758
208332900
210091802
205554079
179125831
209507608
205923008
215136458
173346520
174669324
173679446
187318645
196497871
187181010
194859623
201703376
199356954
177212260
213416456
168992849
212398512
241329464
209846335
180361896
177760954
194091620
203463724
194151091
212742165
181952548
206582017
195974713
189438224
207515207
179121926
209706850
240082479
208395089
202138855
155544219
161760864
167626661
196359380
181478934
206907328
191561258
206129274
176341706
167535103
183625724
170264405
189638878
228900839
210911114
194490416
237379075
174992499
173564025
200463996
203918625
197606955
205741576
202817684
200445105
197421428
178650210
199247051
244513216
198264450
225407249
186059912
176783740
178380521
183671826
182762568
219266678
196965496
214263642
182119575
178224721
211678811
243323729
202134382
213785490
198019692
192094544
167473851
212205196
226335953
209995766
201396383
180472408
227708304
248226007
213860210
223325032
246586608
243475611
211853538
187627596
177680823
187383181
209274305
205180771
216020398
204030576
198055669
204543475
225938538
209593049
199412047
215490700
212961424
182954290
197528977
245599329
282906208
205450604
219803610
219979740
217960695
208379027
215357904
202608696
418754955
172976702
183709782
183413444
170584529
210606810
186348921
213341247
195957611
202315725
204157036
217569610
224150018
201270662
205169192
208703469
205369694
212594896
240448045
201724135
214899052
208024348
227269644
184105406
192580850
150507389
191481343
213504836
202128264
200699461
189510392
230101025
180467242
209153645
240077760
205225274
182391115
213895587
237472320
218750699
226717854
212063317
220807669
203443913
167390134
170195579
157466334
204238966
211215212
205307883
196704346
218057929
218313221
210800610
196865080
211578778
211411760
201000011
185004134
194363085
235831079
198871387
213996729
224651644
199307946
208053754
467199741
200829370
176301268
170785017
178582015
194502434
186940676
199260573
185265407
221662551
183681888
198658873
209107019
209304743
190084019
197076514
221579312
218888590
193510366
194163711
200863985
200693657
217515116
236055166
220824264
167225182
175437533
203506414
225987249
160710014
203764176
240941568
217867373
171688652
169949257
161608666
205289109
202839380
199237909
203427242
199596808
206444437
194646795
243734692
210222865
213659316
207095915
198282318
246187146
195005896
210505711
182426114
216352994
171492469
194112735
182961783
208783290
192977344
180756166
226762319
174064620
216384201
457882818
197772244
243032975
205102732
193949339
212481582
193806642
199613482
198559987
186036618
174658879
233537665
239392051
207594877
193705826
206625990
194066854
178826057
206876854
234656790
212479352
196795722
216232121
187430121
209530380
255368871
203880073
213302606
228073162
178261230
179148049
183374727
224656785
203057555
210388038
211762323
213754832
190950289
169780250
213561283
242499869
215239218
173426386
191099949
169788895
174417876
213269789
246380222
206403031
203476769
207235333
197619919
209337603
180285206
193824626
219718052
233151972
187743926
225328483
221905906
221522786
169864743
163674227
219608273
500680125
251053018
187596703
167052189
181889648
200944859
214771102
179171368
198036268
163195697
210268615
244342893
204328677
176276254
208111478
196056480
188020926
208157995
202067404
192888568
217964493
249764557
194139638
205290466
217294572
191453130
208901398
190668072
168145835
227560931
245627406
189819986
188986359
191966544
180472219
214258518
229263345
215849797
204732513
223570427
194947447
248651264
202111811
234967780
259511507
175856559
199531242
209543240
204343977
168400223
181992267
193878018
171171520
207837545
190802493
225550071
199472829
216171295
177350767
235007353
215853882
217156157
212789930
210331348
206860809
175041331
193079615
187730766
212543805
245013100
218126976
239976080
206236425
233445413
198952139
199250256
201328364
196678412
393531605
178157006
180828884
256385284
208363641
194805436
211268777
194205721
179889009
164606359
165387315
171631789
179693950
170796184
182878962
170164856
168459316
213484510
242589727
194957742
217102851
204198787
221221817
226618311
189400707
175471298
177713124
182146942
172088898
182859190
180174137
176828061
215962861
200373260
213002518
172333599
198266322
225637774
208523325
166395131
218974338
244261292
202714296
207188812
210380388
209302690
176347915
184685757
174954070
160786276
173061595
179747544
200319142
453804854
223244870
208152456
194395888
201418820
235947558
204032114
213525764
205507012
216792496
211618783
195024744
198196838
200600342
184310315
215612928
150308402
209539526
245987469
206788342
172481246
173503189
169076768
215666934
245486770
216693139
204676620
208478941
218438717
215555134
182258539
178891456
184749223
194999662
236337150
203816168
179224689
182809289
211350919
232044547
191741667
193278894
167034134
197808116
215954766
247364586
246960198
208144373
194326981
205572446
229110945
226411001
161674271
165223745
216522259
179027568
172672982
210972637
173803018
225530908
154627410
184606954
187892552
162298420
201033819
181858853
219101792
190038706
168556957
215309868
220593685
178763809
166909481
206477029
200802036
212722973
165456649
170720014
447456369
240002682
208864971
192381567
213908729
211368836
190197059
205030419
213555024
149024709
189744650
239348347
196516482
209624974
180777627
200708592
216982423
231722102
222267464
162550643
176972811
177570176
189880946
209233488
193074897
209164731
211516653
174826094
187468777
250246435
210462311
216254538
196600689
244119432
196029818
207001125
223785033
231488362
208813948
173567288
205800132
175724085
221453895
210168076
203890626
193519229
192846484
206145369
209204574
187020870
172057455
216192852
242843489
203250689
213053044
200644126
194130368
205098985
184985468
164932051
169075075
223550399
265628009
176751764
179727248
216227468
204204638
206150001
239921306
169649402
189840611
163742838
174251635
166271201
177824152
215984859
276311656
201326110
188297470
211612009
193526744
237266786
200240887
209136603
209704592
201083902
213984826
209311892
212385411
212236427
195890926
215758818
201713899
225239204
238122002
161385453
171345424
178877771
178448507
173384952
215513207
225374279
198416362
185106712
215609520
208519614
235211748
197822315
209721121
200766178
275810536
182735988
174586558
208460462
202295385
200945092
197343809
207983169
196781571
192460751
213197429
186995150
162821710
283980086
226260718
215247525
182485712
167669946
225380908
238697560
189314145
167943220
202906748
178960232
186781837
179115759
172176937
161632703
155929783
192587325
194609496
205933307
190363702
164108217
192920891
247320412
210484601
191497164
179185937
240364825
223896341
203644108
202303797
206816090
213605692
202973152
195538300
215840945
204193690
208007673
197343355
197511886
195214673
179763855
200901743
222510206
199166464
208903999
151048394
160045381
211318606
242296354
207307516
218880519
205271152
168091931
174120796
216505859
251612268
209939408
209854856
200320999
201392963
218846118
235516153
193443643
205096334
196857343
202068202
480889868
230961025
209010467
198671353
206760790
202638753
197447003
218660852
197274386
189433414
242662936
