108227
74076
78102
113605
111544
118895
128779
117015
156797
125036
71728
115414
81458
102115
82795
75563
77518
60054
69901
83789
63396
67893
63940
75830
82103
64608
100851
70693
63217
69020
64692
66349
63685
112617
67479
107516
124988
122241
69690
66354
76247
76384
68812
69096
68922
68843
65909
67285
73614
63826
80071
59123
69056
170515
86216
111160
66617
67643
76507
74637
74623
72083
73141
70782
81275
95859
63628
107807
108647
77116
66166
76134
113933
108498
74217
110671
73168
60962
72587
74377
68128
66204
118311
113219
64992
66105
64264
114431
69896
65583
76417
59128
69197
57429
67370
102784
67868
110305
72361
62258
61125
66250
64118
59431
67531
62483
67017
66492
66042
70402
70479
64572
82824
75260
67318
68531
72448
60259
67424
59760
73645
62761
72105
67030
76929
68959
71415
67960
68021
64123
70174
68867
106788
121244
62872
101836
163834
110520
189261
110835
64683
61866
152479
114068
70696
61118
70001
70954
182982
147471
146770
109021
106202
157279
68245
64434
112739
116414
71269
60611
62036
130745
162405
62653
110344
170395
112665
133788
250138
174568
126415
107933
115191
116714
123195
116173
65495
70636
101302
103407
141131
66166
143738
118260
66918
100408
194344
158972
163302
161041
144134
172055
60053
160235
70921
68082
121218
61812
112868
212699
107519
66766
100509
121303
67632
66134
75178
129126
112997
77528
102297
111938
133206
75645
69649
134480
69810
71621
138157
64814
68946
152249
58604
78724
129197
83927
62572
164011
107103
82020
65257
63471
64809
67979
109959
102618
66664
64758
67734
70504
66334
67497
68420
72086
69194
59089
67967
75724
104587
68784
71507
59512
130997
114891
982194
66733
82273
89708
119336
65601
69755
69270
127759
70983
65608
62641
69449
66753
74141
63775
64098
62456
70773
64188
75616
68712
70172
65346
67883
114926
109798
139397
72356
65878
179391
58595
66847
63780
61423
71862
67422
63242
69061
127063
72505
63657
118859
64207
63361
73584
73902
67400
107863
71458
71316
98273
68750
69849
103667
65606
62595
63025
64201
72447
63038
67674
62251
64411
100199
62058
66242
63296
83951
76452
63932
70011
109948
67925
112487
63796
64309
65549
67949
115478
65877
74517
71556
70099
66362
67410
67003
59276
77409
105821
78580
67947
66304
65923
62950
66351
66844
105555
74205
73201
73354
72739
72627
72278
74240
76022
59568
63465
66542
70800
103032
117330
125243
114140
122181
74715
75054
79283
59534
67875
105990
70119
63854
72047
61783
68954
70508
75862
66206
76162
63470
60330
98251
61688
86112
74481
57137
66317
73349
65197
125127
73589
67305
64895
102967
66995
62307
66004
71770
77597
82585
100568
81232
75404
62992
73269
72768
67620
62888
79376
116784
73131
67854
129809
119070
112628
98132
111095
71780
67158
109551
61444
64752
60726
66297
68762
61519
69244
60377
157077
143349
1217252
66813
161384
166768
131796
163144
104297
107718
61170
69084
104040
111658
163724
157880
63867
65283
62762
119435
70371
145493
141334
133965
68467
120131
63517
99489
139891
65582
69920
144106
146105
65314
116646
115359
111930
147015
166531
179910
111143
122789
109782
206389
126747
116852
119171
160817
67714
158381
94252
117182
160821
64661
177124
57947
144257
163722
112158
70439
68816
108003
100496
100081
69483
136263
59757
61492
64838
60640
71439
58318
105153
116527
61958
70790
120285
297884
73663
66775
126030
102992
65452
68733
127007
115826
122741
66382
67090
105882
56634
118478
108641
159477
116848
104528
110543
106851
165455
179723
162762
166526
179203
101196
106936
111549
173354
160255
91643
118921
59790
118801
121585
128202
104210
64116
120550
113677
102634
80698
58010
69639
63478
108018
106919
65949
116459
84179
69603
112839
77012
60705
92708
60523
66573
103589
60874
64906
67198
62650
117371
111145
114904
102316
83974
112496
119842
64825
107651
70279
116322
112572
79965
97059
123050
111441
69007
74133
66571
74375
72515
70873
66215
63882
67042
104902
62216
63832
72492
105188
60616
76235
68232
63125
63107
74962
66783
114405
125869
119158
1079324
120722
97785
102857
74394
117331
99653
108040
127297
114607
121543
119635
63708
106289
107359
110831
58856
69131
62580
101130
73752
118296
122147
67243
91943
104840
112182
61189
78081
110190
77439
74220
87823
100095
65891
110875
58669
76514
62543
108462
138469
96616
117427
114014
117235
98129
107763
57826
64524
79622
81856
103623
65962
118863
106554
67434
61680
101496
63694
65156
66287
62227
71309
119248
59356
116701
72630
68893
116794
75980
66452
71882
133534
148259
120464
121504
138459
122725
111501
64223
61971
67637
64804
74086
70806
98534
85445
107279
119090
60472
61773
124311
60210
122413
96286
67097
64000
125012
113079
116897
108923
96573
72993
55935
74456
74796
64563
84662
65528
70891
71879
103079
112549
106950
120834
115304
151912
101490
69227
77124
117484
68067
72903
66582
109813
119623
87577
110009
71421
66301
65029
108515
62553
67149
121467
103562
63100
69128
64641
63628
116746
116466
67347
72559
66758
73194
117526
110370
66754
69054
66920
102101
81950
62148
56300
109088
70020
65146
101212
106487
100308
61429
65962
71409
64342
65361
89208
76039
97844
68222
67477
95751
58693
1295777
103384
101936
100090
116491
65501
61171
71990
111808
124797
110002
65308
113242
112410
71420
72804
125886
122472
108264
109473
116078
114003
66854
71518
105960
64400
61502
61590
70909
68497
71299
65160
69867
73548
67515
76677
74516
81932
71291
69433
63413
116140
120903
63769
64305
61682
64470
69077
70300
64245
55203
104968
64115
60355
110769
105562
97101
63524
68084
82951
112070
112630
115896
70555
70004
71757
73461
65635
75964
99390
105301
103185
70056
103086
108932
108839
59956
102590
68387
64867
64117
62046
65707
62035
96868
111103
72725
67309
68326
106037
99738
114008
133564
74657
97076
105168
103958
71208
128417
128084
79975
82504
65599
71746
72584
103003
108615
55476
64790
65314
64307
67617
59163
114907
64228
64151
63109
72223
66014
70194
69615
57725
75772
72925
69691
77164
61540
96612
68080
70296
75039
64280
74641
63125
64089
64331
67043
60959
65321
129974
108977
98105
90575
68499
69795
101232
66564
112001
64481
62847
72053
68053
68030
65288
73375
62720
62219
59095
57620
90741
82363
57386
73915
60832
67060
65945
69861
65016
65205
63027
70265
71558
59540
61681
107880
67918
68859
66369
62025
101978
108587
69827
69844
110874
63179
80139
69271
70365
127683
120550
83170
64864
122143
66635
127628
71589
66291
65734
67388
125422
135872
119827
113476
123689
65698
62031
67580
61991
135711
127885
68190
160596
74277
60414
