251874969
248134048
308072266
320494386
287204245
282645032
237573871
313116760
276844098
276857089
234068886
229266704
265367848
260198915
300741518
301488379
261506296
268384669
285317839
279419543
282795120
248926165
277362614
279701675
254419600
275205330
256108393
282134766
269989627
287741299
274862654
279265404
276966737
284250228
317310660
517547821
273891485
259710665
322057290
290785527
270063798
277004870
244905125
274101162
227814265
293571222
323178046
322515425
259084908
266324746
276293466
243189165
242783502
246446625
244493859
297886114
333473488
264862905
265153227
291178894
290988532
315857956
237498779
242313759
265111576
236142833
249257599
225297781
271483470
323190659
267737815
263908307
281885745
270092688
340914235
306205054
274621706
235263229
268933093
274076003
298887278
270630431
273316187
231104124
259282150
226938871
273534641
304716586
265410869
277929446
274861365
260500917
580335859
284892848
289386539
240967830
278481307
256313699
261273382
271991732
251926308
282992353
292630224
308864494
317310842
238761271
231735277
234526616
227399673
238322846
240162837
225310441
278079594
293020647
250695553
294761933
236546060
243569422
283430678
231672297
278362875
232193171
240455842
243591654
238773198
243199265
255688676
268433515
242951178
275290038
318687383
283235151
303978813
274200377
260514585
269004065
289002368
304065234
282736452
287731189
292067961
245610068
253985427
300694504
296145735
243506370
266274815
274957268
254605501
242520357
257842275
280508074
294918606
300026377
224734656
289306487
258512571
232418931
294546006
246345044
297676561
259362752
262068924
254265420
284106542
279259834
271865968
249477145
229089259
250124591
245441312
280900639
315306223
256848827
247371677
270567636
251076607
243645565
319597692
287370408
276980972
320216384
311587967
330449043
237423016
244666092
297087277
303957071
233907777
251132463
272205074
285952071
241300210
286960918
256338442
272289756
262258580
304684856
280031312
308864038
307501947
224316396
234593779
247562346
300165495
304981416
253789562
239600869
318034823
288948374
275404680
282705982
251768567
249852666
226960835
249572153
245310049
277173058
275431785
292242845
270267100
229739137
278096627
574106361
300878900
269025705
259943615
266562797
305938324
284268997
282790933
234043097
278109031
263488806
243088828
292717953
305738607
310342808
265234683
244793355
258660895
279853869
228527268
277155561
299819223
271111780
287062163
274663344
249257167
254834858
280830651
259252222
309181795
278435200
230874171
227504284
295435981
248690961
223044479
244037823
291859890
262349001
237539660
227909493
261520207
244465462
262738187
256226201
297727454
282719086
278005529
293754192
269899618
224754116
262217496
264723174
269066775
283593204
288019684
252979083
235047989
282691757
240879734
278363072
264757036
269949662
275895867
264599483
272144116
238645519
269991918
240820418
262653946
282848596
293755639
297414157
295674208
291491874
296673546
258369993
232880654
224545805
281582033
264238830
267173404
245771990
271456157
251740324
276247154
327511180
238104946
235216502
251387813
243266069
261445729
263303232
264524565
254709952
254439979
276817726
289976428
256531060
290214157
266995851
246127245
240080998
238392752
246493550
255347377
300967537
279904220
264510102
278057513
280315307
287625361
275861461
281573401
276670942
322068440
370088292
232707815
229892967
310990934
287884863
284708176
247438508
276801551
272241363
271808792
291722644
243979068
236775205
291148246
263457337
262706341
233442690
242619359
278350221
498430825
278904695
241744463
252639532
238005864
256238615
235885613
271336259
289753131
285151297
275576788
267382132
239957713
306336893
285196953
281997654
225169468
274117451
273018249
267167668
302242480
291376380
250899974
225823290
341059228
270025860
221131017
231012056
267680729
267643665
269727189
307468641
220767950
235590353
249242498
261532367
230544041
242481699
274298877
271441968
251945607
277513003
312632039
300015685
284197670
287817888
280110450
270993655
288836964
337374677
262333887
271545771
229745538
233097392
272640145
292564337
257083259
273906754
255144895
252298833
273983615
255612949
275964151
274694579
236235125
254414531
243705294
279226371
262626565
293790127
233943184
238216893
271681329
261336079
230379926
276564837
228936021
268948069
288425247
260499125
270461014
276285932
281387103
299544249
266011528
266910486
252932472
296130998
294277556
281986844
288834547
278556339
237523291
297067843
227030034
266424222
264568430
326185561
269100582
243941632
267243061
270896189
226985316
270745402
295002696
284395342
286835435
300104830
330849167
285154798
277322540
303148992
264108103
303167568
257681642
222334527
292678495
282464025
222120331
276183134
302985051
274752798
261657137
270165999
220213550
256329884
256115312
272190502
286834341
483319779
348650373
319996307
236129199
284238332
293178040
252852877
280482739
298940794
310060637
268867046
242821812
222179784
266634293
284864010
231148983
213276802
243379769
288138879
287438953
246938227
288443349
332488808
277503132
276582848
282261432
262119361
278534623
349531181
272550500
265403228
330735574
283219287
284208028
254501847
252179529
231983528
280710926
252579566
249853318
287994170
281023380
249611843
283296444
321928270
286819276
290146438
282216805
266656979
241714947
284965543
242827459
284297579
510150461
260840872
245643920
272459437
284715531
304297472
306122762
296866475
243366287
234441131
289953321
276919587
236901327
228387362
273929380
310133359
277403080
262123200
244709108
274812021
231040502
309287827
271452285
299221470
302881373
249122060
240056211
237684025
244320967
298274075
313547826
236913754
236551955
251878778
247738264
263466845
302950273
292283716
276502360
229479515
293806758
313854301
245235439
241877719
269831998
326942938
231580733
233157133
325428363
282310197
308166182
262791690
263076576
283211464
279898160
278949597
265813981
263697482
235817986
233965638
246176035
259543350
289449503
294109455
282898488
317437397
287149336
295051216
264425310
253079135
249348649
268751306
262941740
281506428
357887290
308277802
316456136
280702450
269335887
234867081
313726796
305520525
248405674
247937525
300983657
287834048
304052644
247061922
251575351
206212162
248176568
232907718
265695279
266966036
271068982
271956958
234342452
243321133
248870909
264946534
250539644
261948981
289319702
294107092
291984571
253383658
272023801
252750853
275927963
278296356
289505864
315392371
259475426
275288706
228898082
222501982
293662930
291371062
239547749
288407609
292459984
282600431
253601373
270079812
247533605
255735715
529557907
278540311
287204015
323081132
297984392
234174935
325738476
284819814
268906299
261871576
250440989
250505673
250514597
273079689
283173623
274189006
259214663
250077773
281086265
272874901
268348868
279174514
303219501
249081743
233892752
240348550
304171127
269611635
253183023
294116148
309073452
335952005
273902126
303321320
252394098
245466757
259722136
321732429
254395446
254081619
232824076
308885330
322138540
265269335
220231169
276895861
267498076
274590972
264672345
250667176
294991148
259324988
273158201
278812784
270839581
261450107
286861730
480631740
275831727
258504583
252899540
289102544
279877965
303501373
245177979
251973467
320335895
215439736
250504179
236543027
248861575
252285013
238943304
242487552
272023671
338744265
263986233
274385215
271264433
297293881
224323925
285703313
311414500
268989058
282421346
277331301
275002905
266395142
261541962
272057311
273306409
293343686
280865078
303323641
319322803
259164092
278707469
240128247
239517442
310670808
273118081
241722642
254324726
249129000
283530560
293527289
248469229
249535004
263698951
288431393
288213478
284193019
266228280
292392729
269676961
247038871
285454873
253746826
263602468
551051158
275568511
263294956
283683133
255800932
272457713
238361401
260339238
275372022
255522238
307632819
330481925
285372675
271581610
292183051
223466985
248767463
269590001
229709193
234910803
229698957
300880204
305533972
243433241
236453500
259783625
252254748
249874809
267437291
261699624
266683809
288351857
310175857
267265532
270685697
288365760
300960941
218377003
275686740
248598218
275261635
314877932
233756386
270503643
287883223
263617473
243725250
250009003
284270774
289787422
266217644
255984594
274439404
282730629
249560916
269002416
275266769
269262731
523570861
272132401
294794068
301647121
276822071
245117389
210997389
316232663
275648419
268744140
272083365
265507365
227403884
241439607
234546198
218946244
235564488
265869772
292677651
267321887
254774445
289928293
251418508
302153649
282861817
263660814
286576931
223348967
288934887
231707594
257780106
246719669
295936955
284366018
253393191
289843440
269258333
287143893
263710946
276660617
262504706
301901124
298948234
252727195
278020487
282454638
268535311
236174415
261599482
323343330
301998394
311547135
291023292
240985490
286069791
264631973
257720718
270346683
232611557
312909078
330015648
328755358
234800140
247321451
273198965
267676703
299554782
256597272
267315265
262518437
320313916
313489094
311716061
244632357
279921104
268658504
262498083
247566824
280828149
307529016
232350421
268688720
272889934
298617478
314714093
306780957
284221278
261034231
316587591
254137559
239472624
289941281
252211503
237443578
265142299
250711159
258414338
271335714
281894766
271045172
250514620
263746186
266758630
280651922
263713953
234501917
310832831
317052114
265398378
236191851
309119890
286118166
283228196
262877677
271451110
261143944
259880244
258733599
285604017
487029933
288964945
291204426
286436871
325713913
270048519
242866008
255349612
259920848
275776334
232580535
236046947
266918936
299551836
248452011
252133023
263451075
221333243
265287728
228291819
249435588
216821312
250224996
240947932
288524986
267698402
267232890
280919331
293448453
245460125
314946441
272005592
284683516
279798351
247720638
308530539
304416533
276582883
