14506857
21217699
20461018
23854136
19196367
12193490
15822358
20409032
20324867
19273665
21886537
18169566
20357252
22836974
12888496
25936503
16515697
20843092
12815078
19683897
16879520
12495825
16045856
21356656
19165986
25373202
13185668
18692701
16923231
12179904
19933027
15503323
17367026
17330765
17535606
15524295
11822136
16511033
19113759
20754013
15710360
16146255
18414526
19142236
19422747
24143312
15648311
22477911
20120705
15970605
14276530
14958133
20465939
20087303
14241427
22491752
17121405
22079197
20480878
16299600
19806624
14150864
17671350
15478650
11529731
18845444
19532939
14244359
11327372
18451978
19741645
17873444
19669755
11749607
14750134
15525919
20783531
16722146
20846659
18994074
19736209
19731224
16129750
24365510
19583697
13469846
21858380
13799872
14100213
25982103
17600142
12153326
14186924
21648728
12595665
15236991
16447809
17438406
15361433
19167524
22019630
17449706
14959839
18282968
21190216
17124024
18377699
19517137
18604789
12585451
14687068
21524264
21487213
17231962
19097552
14561796
13354784
18781914
16043748
19512773
15685071
17144769
19319469
21336388
17982300
18315508
20994254
18925830
12112892
21842849
20669596
18964210
16712387
18929262
21669943
18184998
11878088
13132234
22498395
19219038
16978353
15077078
16527069
19018472
15175085
17024058
15779981
15634293
19327185
20097054
20128321
12273176
18954082
14939686
17045725
17666714
16383435
16766538
16310860
12003151
15646356
19006163
22116730
12324814
14759023
18063994
18817411
18209244
14331449
28407223
24483331
18478464
15706518
21076542
22381850
17117490
14973267
19083264
13862916
20965175
18547349
17889277
11566801
13235185
11988297
14166179
13552353
15967809
17174027
20788140
21904680
23912273
15763001
20185778
18550001
22523270
22706582
18210526
18368583
27867319
13962212
17593500
13341381
20277460
23021683
15764150
17243325
17923052
18818403
19286508
17878367
16439162
17839739
14615305
14984190
12696397
19304074
12529996
11473751
12036784
15683894
17828925
20595697
19773244
20392865
21022332
19813000
16002056
18695347
23730644
18341898
20517067
16682762
12470618
19171327
26179128
17610038
19046682
16369044
16686885
20791759
21322818
15367348
18402676
18332212
20236578
21620025
17563190
15003682
21968249
21513745
22879848
15687012
12483950
13703471
12257228
18664786
20980010
18104381
16526665
16794115
19772722
11149665
15160415
20530516
22479673
19232204
19887890
17020905
15398550
19485119
20598315
21354685
15680486
23620449
20562730
21472562
12250512
13782479
16833779
17304332
16677479
17206594
15407000
18715373
19327920
21741189
17099128
18486788
19293241
16908320
20016022
21048820
20271406
16267094
18262104
12016288
13833791
17678137
19868208
18269877
11926960
19626068
17465517
11821193
18085729
16199214
13005057
16218085
16978013
16037150
48170021
11543936
19763556
19352727
15965742
20413071
15522675
14095232
12929653
11459461
11396740
16515245
15468337
19367873
13092562
15108013
15430992
17424603
27613472
20362351
19908280
22042460
19962414
21417155
16524043
25353598
12044081
18495577
30486244
24932367
12367658
21516767
14814201
16372799
12431291
18422383
21852924
13892130
18453491
16092228
16667812
20683082
17510500
15031972
22776402
21452578
21476410
16496261
16993173
29077604
19704826
19147199
11683488
15227610
16735325
20187145
17613301
18217810
17659874
14965021
22813506
19644974
17850429
18641287
18413181
20465877
19621087
13965713
19626424
23333765
21454676
15879872
15903824
12131248
15976272
19763417
16819455
18188886
14199314
16915005
19024056
17395213
15177418
17880425
17254452
18715670
18327343
19233218
14971163
15059001
17177472
19375097
21450836
13292726
16527240
22414898
20839024
17103183
15764530
19909933
16941255
19488727
19930317
18542792
15401093
13916497
20435137
18811768
19255189
12410365
15042658
20812938
18757096
24456491
20036936
16108908
14349123
18608715
17082348
16934804
16401550
12828690
13022208
15124373
15158522
23161806
15713656
22502560
19699777
16985036
16753758
17015118
23043846
19949660
15494064
14948993
24246377
21024413
25363500
18080074
13489208
19545962
19878915
21023647
18647831
12634523
17930621
14334689
25292989
16552410
18247665
21729769
17779291
21063888
20648310
20158836
18599946
20066862
14567927
13018292
18540958
19396808
17460835
15468748
19047441
23949824
18074483
19550376
15574172
12361245
55180712
20313151
23778912
15209388
11971023
21707126
14917466
15689284
16787753
17173120
18171144
14013798
13108052
18469095
22361145
19167148
14116361
13096378
15125569
17130783
17773538
20216410
20593266
15569968
13199085
20044707
23404786
19167288
24160908
17075926
20206301
17229700
24069642
19348559
20921656
20457085
19992582
12906490
17872845
21750081
21854653
12579481
12173357
16022403
21324016
15562279
16135496
17717311
16339350
19190300
19984081
18604802
18391131
18155044
14874821
19836888
16485053
18667354
15269120
19888062
18324035
19148581
15089016
21903659
21626091
18312358
20089734
19767715
17647523
18640606
14634223
17621046
15271824
21920303
23230535
18255205
15858786
22783862
22782947
21699878
21020578
18441528
13823416
17643630
19799642
18001831
18882258
11720272
18851803
21517299
14009199
18062900
21303735
18513965
18005702
20076403
18828220
15833884
19426300
18684643
14832033
13763656
17268632
13953032
19252249
21499319
16172197
22225988
19050756
17880923
22133267
17677766
21720113
20594406
13968226
17494880
19625151
17379158
20957675
20990636
22274524
15362351
12574909
18945548
15769303
13246464
19763656
23896531
18580838
17616648
15112949
20077162
18826002
13631806
21500320
23198628
18283278
13581131
13902419
20814339
19678423
22867931
21450888
15210259
20658726
21577012
17883327
15775736
14422645
20972497
19487447
17695526
20136158
11846688
17798605
17395348
16748923
14294833
14619217
14804406
15259771
11909618
23283920
22069133
11914954
16630979
19808228
17388950
11521469
26402945
18122034
20018348
18846143
18515289
19603533
18893706
19749314
13567901
21819496
17930190
18897307
12297248
25338957
18841090
20810432
20267588
14746412
17215470
16182029
14340800
21082772
19236448
14627771
23672726
15001374
17235979
15203442
18260250
22232504
13769272
21142762
20808878
11719049
17023487
20239010
19737654
17835303
13385768
12507627
15497232
20454297
18609630
23809525
18849400
15804181
17557224
23662290
20260662
19422333
21724240
15709466
14351652
19289383
11162572
14183773
20785574
24757052
20841054
15994752
13026306
18369647
29738650
21169045
22596474
21953101
15803447
15110417
17631798
13158113
16251595
19562649
19854326
15201583
16812652
18121954
13686035
16010056
20166817
15551006
17083538
15364343
16413244
17156542
15479477
18305505
19272091
14960144
16436709
15912176
11701676
17429409
15953878
16036419
15655226
16297207
22512216
19218999
19043561
18112103
12669822
18824281
18485500
12436083
18690231
25286973
17396228
16107751
13191898
20595409
19220515
18828673
17196181
19316683
19982193
23792370
19052076
18977899
12650925
12378540
15471418
15521273
24511631
19349162
17077043
15967060
14973964
21035869
22573768
18674650
18615826
15151526
14386699
16237283
24156619
19666333
20175811
15303282
15885315
19325104
16775123
14315712
12013219
14731307
21291359
22843057
19085302
18122546
20499581
14749409
18824834
18976602
16162423
17012883
16348750
19066035
18277067
19217714
15400088
17885798
24533834
20359042
15885880
16762919
16455380
23552428
18367141
22326606
18680618
17414100
18707790
14988083
13793972
18473920
16657760
14802099
17262138
18805461
18922996
19472250
11734029
22722394
17102123
19025455
23540032
17231459
11786194
18928645
14359772
19514479
15203293
13284402
28572013
20377051
12874998
18805698
24650184
14204678
17393789
20960030
22394725
17221376
14932083
16507870
14499894
12352548
24178385
20501871
11909896
17115336
16882450
11726643
18343519
18268622
18248626
12165490
13482805
16983438
20601992
14749429
14727178
15175223
13928250
11708395
17319022
25728292
18185712
20280088
14002593
17564445
22582540
18816801
19864723
18594941
18282902
16793269
23001123
11184366
18928048
18433451
15096443
25527358
13116472
12319441
22960517
13005932
18909118
17977992
15094500
20111555
17249061
12639282
21835675
15743693
16972626
22601620
15321463
15329577
16414940
18142940
15084853
19899916
11372709
15141586
15419815
19018418
19241992
15328065
19284576
16999920
18420545
11688809
19406272
25518575
18754165
15737191
15614182
16394653
20978037
12243197
24915023
12734589
16279726
19453176
17423272
20487575
11921608
21407150
17015097
14190794
22233272
15816908
19115869
18991170
17160466
20122064
16580365
16919653
21423790
15702258
18305881
11510217
15858426
19865570
18961904
22011850
17027791
15014905
16940255
19391698
20509875
21173450
17469098
17700229
18737148
14135816
20690386
15606182
11176204
22912523
22866747
18274408
17018095
19460529
15548915
18675363
15075392
21718638
18109281
17677616
18198002
17797337
13526947
12459542
16505799
16598642
18168882
14703674
17351964
12326617
12514543
21380309
23875337
16982148
26217620
19408017
14614282
23973925
20417159
12715833
