1484774
1557619
1456251
3348240
1418398
1196468
975619
1000485
1357824
902187
1459674
1481065
1462355
1254536
1397547
2165777
880711
862759
886857
1410303
929803
885827
925415
887200
899109
1531566
1392831
1387887
1508718
989671
959692
1769641
1474394
918021
995074
880837
876633
889232
979960
2352481
960840
930426
873577
2160781
883134
1369833
1718862
1751210
1478367
1413024
1673380
3022350
889749
1375955
1370227
1411935
906960
1413763
921929
1161147
876251
1512264
2609006
1385168
1345424
1262155
895239
1158655
1381192
1346584
1139089
885697
896586
1270421
1486916
905509
928793
882506
1440046
895877
943872
1463990
868399
877158
896378
1683222
892223
1382161
929126
873846
872725
1372967
1365219
899573
880566
2690256
1351862
866214
1433628
911877
1420195
953689
1445207
1234983
901431
1385616
2380416
1380135
1445108
1477634
1449201
1449683
862034
1301085
938465
1359755
3514060
1402795
1448111
881436
1447913
1361918
1464806
1393033
875351
888739
945828
1450738
909773
1425108
885694
892655
1440777
1407241
1460450
915819
1444769
888386
917375
1208962
911572
1405977
879829
905840
883471
1071609
2212065
936302
908357
888000
1014441
900706
897493
865340
865275
1753263
3046081
1373969
1807770
1479382
943270
1167786
907993
939320
935724
1395488
2683064
881752
942603
1390391
896740
1502694
1046768
1473872
902305
905863
2967755
906033
892806
899514
1379559
900596
1439179
1350208
915394
883517
2904121
1465190
1409760
877501
1484941
924998
1027713
1360215
1429763
1370999
1274391
1372448
1489836
1333687
1155039
1448945
1430777
1340665
1439112
1488632
1385735
1538266
1496373
1407911
1437322
1403656
1462392
870327
906537
893819
1445838
1421672
912904
1504778
1202370
913722
1375555
1456991
909041
2852357
1419809
1486063
1434697
940012
1478369
1444945
1386999
1186528
867973
2332525
922369
1503414
920901
1070344
901874
916572
1400888
1391701
1403010
2904295
1438227
1142819
1371707
1451827
954111
1430526
876348
1402891
904651
2963960
918582
1471947
946756
1396789
848943
923821
1415438
1481135
937704
2333112
1183116
1358513
1453109
1410739
1505481
893587
917895
1422743
1421315
880587
913488
1420654
1403109
1508990
960407
1053271
894694
1489935
1444179
931352
911718
1307864
1081342
884197
908313
1419481
904058
924431
1442440
916449
1464043
1476979
895474
1136212
1398597
915226
1444661
1389489
2421317
987476
1418911
878577
927893
869329
883151
932689
905297
892524
2120557
877518
1431210
935834
1394788
945495
1212172
1464713
1597605
1206108
2506530
897184
1444529
1352463
1216162
910613
867715
847110
993863
1368741
2486143
1447581
961181
940127
1400141
1362589
1351897
1399782
900201
1376040
2867836
1471037
1357750
934428
934239
900568
873587
949848
1452064
903267
2917399
916330
894217
1389840
1406754
1782679
890288
903023
915535
927084
2826591
874356
1458670
888100
1078026
1421953
1464858
1421610
846205
1370057
2688337
1574523
890566
865690
995345
1416741
1401032
943887
1336401
1015759
2814457
899630
896125
1436476
863257
963011
1417007
1285949
1495831
1643769
895499
1433225
1385385
1393285
874078
868793
1412444
1503548
1462013
1389390
1552181
1443540
908492
902129
897158
916726
856533
927814
879460
902818
1318378
882624
889040
922403
849593
932497
1548789
916306
1424078
926366
1668713
903632
898499
1352161
898109
948367
1392172
1394245
1408157
2626413
874843
912872
911200
930238
909868
1377813
908285
904735
1283541
2147516
920541
1176788
871821
890908
919745
912599
887231
889107
896059
2102137
935876
951425
875173
1359429
942195
1359778
956458
891440
908241
2219757
847409
869482
872007
947684
1091924
895230
999603
872619
902005
2881170
1401005
1524319
887827
1502290
1422079
1396111
888145
1419935
1427078
2851502
1558015
1348510
892123
1318100
893158
900017
911712
1179795
1408298
2728340
1113459
879178
891262
1396761
922365
926852
1378666
927527
925395
2887722
1433539
1381761
893259
1383686
1406449
1330783
1389568
1481645
1441634
2718794
1439118
1425921
921391
873420
905784
977215
1098966
1506324
904006
2824147
855411
1405473
1274957
901839
865591
921075
906266
1423488
1472275
2435844
1481788
1429701
1404313
1390499
943860
1424817
879605
898685
1376838
2403386
1415336
1414209
906379
1498211
1489515
907028
1110028
916668
1432776
1481007
903207
907864
1172623
922952
1208548
889196
914500
882936
4128397
913560
970820
936435
929552
961815
911588
887801
904376
1530241
2401762
1256548
1252376
1271763
1276057
1642474
1403324
1676999
1490449
1708357
2732279
1326712
1244610
1455892
1352474
1341097
896105
1402416
874831
871941
1286996
986051
1455431
1401388
972903
1447757
1278308
1465700
1156482
1388693
2756129
906610
908731
1455589
1326022
1248000
941191
890616
1468583
899173
2342115
867358
1416639
913975
1308514
882998
1386443
1534159
1384757
1438887
2481672
1394424
914647
1430425
872118
1384812
1441887
918159
1241988
1473486
1444266
1434892
866472
1399782
937340
881436
1484911
903137
1437003
929111
1406610
1485919
914716
909059
921143
913742
932002
931965
896710
2165358
909594
907856
942462
1391118
866533
892213
1560321
919177
901333
2225705
1009979
918564
897381
884098
899055
881965
939467
908032
953168
2145547
1458206
859326
887685
915324
1106662
872904
885484
1425605
923416
3102069
2102786
1448658
1496037
1392602
1458362
1385914
1721735
1364843
895834
2510960
1678578
1158007
1335384
921313
925417
1414812
935261
930273
1372216
2718407
1495200
915529
917776
922869
1513194
1337552
1364662
863384
869670
2247176
894045
928998
933204
867556
897825
871095
890067
1132195
869908
2811974
1729005
1122736
879559
855498
946565
1548944
1463131
1494337
1424364
1347849
1459232
1400278
941215
1016579
1462419
1491191
900660
912334
2975081
1387346
1438398
1466373
1365732
863847
900170
971868
887040
891004
1430783
894511
907185
910140
1373009
1418581
1069385
1408897
884369
1003277
2151731
908776
880416
1539542
903522
907442
896758
904514
869489
901989
2149995
874498
895844
924549
934372
964132
896659
938153
1282443
896920
2186695
1412209
1560302
878462
1486217
1636414
1415758
878070
1681285
1355384
2361494
1435525
1410614
919239
1487980
1346985
1395909
1162883
901038
1426679
2746399
994383
1469997
893646
1447509
1408273
890724
1313336
1056579
882151
2881282
882249
963375
1120537
983672
848516
1368312
887883
858162
1500648
2991373
908923
1421973
905333
1607114
1351694
875611
957961
1437091
1463927
930737
1504427
915705
1128958
1482762
1330523
916782
890874
884626
852719
1358730
886368
908462
891067
873105
900167
938568
927427
1218340
943359
918015
880666
910051
941722
927071
1368356
868914
906907
878065
2133121
938033
881230
913413
910109
1054751
900350
1024669
1584780
897544
2506072
1299825
1417750
1662101
1635389
1532126
1534476
1501662
908000
1723282
2986475
1148473
888633
1043030
935334
938182
1411920
1244530
921028
974111
2184707
939376
896025
1435343
897275
1688007
918608
860628
887334
932686
2149428
902722
886408
1517660
914696
885342
890718
958073
865616
869961
2483909
891966
908895
926327
924571
875504
919610
936179
888166
884223
2390473
896593
905818
862740
885020
1508645
2071733
914411
2231491
1400802
2318131
946801
1142343
1471980
857939
942238
907214
1420359
1254503
893698
898896
1396855
914712
1409380
1414020
1294091
1104254
897288
912643
901690
1421944
927396
1043022
901152
898279
883780
862173
855693
1305070
912870
873081
892760
1397233
1431272
891306
937673
872992
879125
944279
894389
900786
939493
946612
945421
923443
925893
869724
1370016
849254
927924
914497
867558
1444242
908540
930372
882633
1184821
1178982
1195501
1240558
1000470
1431695
1772537
1451377
1567046
1510848
1692371
1302115
1301208
2550608
915707
