24680926
30164882
29816440
29589626
25890809
19693946
27195380
30024158
21627500
26962479
26286606
31000285
20098382
18898524
24798239
17216436
23290455
25630420
20718181
20599673
23386417
27152497
27398720
19569063
20267369
30829051
27501675
20902746
21378426
25031251
18903920
20131661
25169240
26410623
27080085
22213246
17274369
25275886
24522767
26316823
22960267
23991064
28030023
24493899
21578956
24224012
20235730
27612744
26048428
28873563
24814632
25475423
30202551
26479595
27404450
22963490
26159578
21996862
55836743
29581569
26901811
25337590
22022809
24831245
30487321
18498445
25735152
23545035
24174815
21026440
26916559
22769447
25098104
20169463
19727641
23420922
30586796
23946739
17870962
24398809
23586858
21176985
38819885
26067443
25052034
24628756
31393285
23531190
25453583
26066650
20991057
24231156
20907978
23442206
30531776
38250622
21767581
25807160
20176743
20641356
24812714
23434945
23398246
18342658
19101011
29466776
22668450
22631087
27935916
20561386
28273375
25879271
24693312
20956068
23788544
22975578
33169217
26912632
23642029
26778956
20627019
26088013
24926182
26823295
25902564
25796822
30886104
24938119
21738559
20394312
29403686
23451077
25697838
21746215
21897345
25650980
31006756
24661703
21776281
26969509
27156681
19469849
21047908
28646697
21571803
22834555
26945445
24441242
21496630
19942265
19154150
22503709
23628453
26190277
27394475
20812965
23835468
21491477
21721589
21295425
22018200
21251362
22254278
19934005
26899399
31182575
26966924
24574476
28050297
17830653
22103647
29032980
25235167
22617142
25164720
20060975
20419623
31447379
23454184
28052712
24861838
23464661
20791475
17930128
22045137
24967005
26975512
19953298
24260186
26873056
24458800
24315266
17712509
26002589
28582464
23484681
28148597
21737301
21677759
18216784
21200997
20062561
24969202
22881184
19616969
21542915
24504169
22113768
24496726
26219395
27324501
19660729
23385974
19242313
23360946
27548551
19196368
27193097
24718128
25034816
23307909
22379827
22104892
21075722
58776966
27773730
41047430
20417374
24394041
26906544
21795040
20417052
21441866
20477573
25708296
21413870
23463450
18724791
22861131
22536522
29097312
20963013
28116864
29065560
18581204
23536927
28058655
20038073
19506840
16675370
31140825
30093652
25756478
30071714
20580296
24437516
27408205
18638086
22686729
33452832
26869825
31621643
27367368
30968874
21518569
24004532
21589983
23957427
27459829
23945285
26547492
22429700
28818224
18942787
17542960
24579480
20933172
34448776
22861155
24359054
27607258
19235068
19504870
19375510
19567334
18830094
22523611
19793268
21841274
19435177
21260914
22088440
24656927
29728138
27226768
23232977
22429531
25124891
27368960
23444509
29283093
23672803
27120455
27613891
16717570
21651322
30896924
24539796
31185972
22819082
27020082
26184940
23338649
21892459
21843137
26144133
20087619
21715578
22435474
30861120
23320983
22805312
20591615
24945425
28213945
23382844
21996948
16808664
17007361
18406915
26542495
30699304
20697053
24682228
29264972
31431286
26725036
21458240
19180565
21736316
23805778
20465088
18015033
21066588
27574731
24091060
24353309
24312856
24591713
23015476
23186528
32546753
22608043
20869291
24155326
26998229
31719801
19115495
29298865
25594833
26066422
19136646
20585466
19883059
23118334
20730937
26042218
25081703
23323876
29004760
23931735
18022127
24259498
25138170
27392988
21070082
28318576
28384558
26903042
20981560
30435858
27073470
24363335
24551432
26102883
28876542
18785361
23606885
37297212
22797355
27011290
27851519
27111869
21268902
25964108
28475618
30680271
26043859
20249427
21606300
25792461
25024772
21453735
26167941
30471618
22120901
26954697
22400936
26963175
21288465
23532969
30246926
24992493
20702215
26976835
25280290
17859630
25872881
23725162
21937387
20802316
18686041
21028926
40315753
30958622
24543306
24058994
23516744
20792336
24573406
28152373
21537779
26211238
22904086
23267915
21947372
31238558
21661749
21062676
19678734
20901779
30103696
24667463
28005763
32162349
29865796
20453761
28706209
18452848
38846173
28026252
25795810
22651275
22319392
23597872
26820844
27997720
23514876
24483232
26192947
37116587
78409346
24445157
35362138
20503790
25264473
26132491
25357210
19192652
23931969
23115178
34871119
24265327
21949909
30775505
26821711
23967550
24430144
24280422
19833312
27991467
28241761
26912257
28432566
21405281
18398902
21849044
32083343
32631837
26470536
23758829
25496899
34210165
50714099
39783152
32567425
24659444
23576330
33187592
27505576
26014643
23673231
26082402
32547089
29441870
31357820
55852385
52086633
23156735
25516194
25584541
19479802
23492757
27391919
20161083
20308237
17490916
24658286
33596084
19514548
20193548
24724781
16862168
19769080
28285742
29807482
28849287
19915908
29248721
22511344
19998836
24856625
24052665
18931107
20272461
30749039
20755707
29254831
28021172
28495089
23205051
29390430
20151609
30198900
25552331
27247500
23910322
23576941
25596830
23656916
36765970
21135800
17200257
31036466
35731574
27407214
21664247
20613143
28925935
24415048
27047673
22565032
21887997
26498199
28348610
25420231
18662067
24864503
24318407
24223181
21396849
21039276
22756296
25118867
22469920
33450718
24272968
23461296
20635315
17907514
19033132
17941097
26513331
16641176
18305487
25521929
24143326
35848340
27889369
19155521
22739752
19005607
35206333
33319287
17096067
21143776
19567455
27051721
30002859
32980460
29329254
25766229
21080313
29117063
23552857
25574324
26189950
28021069
18810255
16954649
30246577
27488306
20190744
18248790
26911752
30364607
27536188
26230527
22639309
23196358
19459626
19511184
25793962
22165744
20523731
26695477
23637603
24928723
20219350
26446647
22796069
18353403
19387770
21963046
23728003
26169420
22657985
28857614
27014003
26257062
20192622
18584761
30881192
24394762
23654301
22767636
27262573
19568630
24250883
23082850
20077835
16711572
27335135
30322924
26179947
29902974
18682732
18780796
26274370
27042896
28240535
27001660
30218474
29997566
25343055
27838624
23410104
22082922
17372187
24148881
24375304
31012544
25777692
25640027
22249139
24257719
19657728
25384852
30035339
23267624
31283292
25171210
16514476
19174956
27908390
21013455
29511447
30784815
20084464
25103313
30601711
21003208
21669109
27906821
20980746
28332180
31628950
22706036
27361919
27389663
22690969
21881219
23152721
22700297
17903844
21876135
24342712
26381807
27539599
23833189
18753388
25208487
26673725
18925000
21733783
26015210
27339011
27655118
19974371
22078255
23568210
27287727
27254147
25026586
21339375
22153468
16813967
16544812
22135257
25295192
20465436
31209971
19484425
27831714
26152871
17438438
30695005
24206700
21828611
23844682
23594856
21242273
20357863
24958243
21711804
26086882
17807593
18129333
24313095
22157195
28029281
24113688
27628886
20707128
25874648
24003579
18434389
19210697
16974136
19489920
17987871
20721104
25423096
17202554
23660683
25915447
30087315
20511911
22004385
19790993
27457765
27885697
24844951
23203431
27025964
23774321
24822532
30233541
17483068
17019063
20459268
20535427
20806256
20164816
25145598
23606069
23234895
23222991
21316945
19753717
21646148
33812294
23492004
25503023
30335342
22465742
21549655
20826726
25056038
27443633
23393279
23138965
24461899
34643739
28801957
22346900
23337479
26138506
29334352
25257496
27358926
28681479
31280344
23831754
25109090
21812658
20529516
24399028
25066369
23672938
22630523
24199210
24763659
21020538
27697490
21270355
18841326
22088553
22411848
27767863
22918418
24570307
25916356
20021849
23189659
23966026
22012223
23423873
23831918
29960728
22196928
29150377
27110579
19417602
18652782
26178019
23715154
24511107
25612783
22957808
22796021
22325361
30198197
30390445
27008099
22328510
22086081
21701966
24885088
27350700
31074827
26480116
21506822
24969472
18300970
23001859
31523303
22322591
26316808
27540681
28394960
33087725
26996336
28812651
27150193
26516871
25940155
26216276
17660625
22719022
23582975
23019239
21984030
20727872
20843603
29243624
28832872
22607903
27233488
26755747
25929096
19854414
25963501
28933891
23312760
22602629
20851878
29641725
26815165
21552375
26254543
23871528
22777682
22507694
22796990
27272381
21962292
26957310
23022628
25183161
25606804
31634568
21629416
22708777
19781833
25279057
29275024
24026453
24119790
26257155
24433280
20328797
23638425
32605157
23609594
20937424
27310786
24095392
19588045
17447625
24794665
27948907
26739793
22631433
23814249
27634030
26464947
26177863
17287758
21823377
29814378
27786615
24484584
27514870
28907021
21452728
19687237
21244558
20041713
21514467
55599378
27613164
24215752
23134795
28414462
33807361
20920874
23027925
24023771
18777855
24566528
22164383
18093164
23755264
20068836
25592062
21080064
18815340
23564771
26516903
24457942
25926755
22414156
17865058
26655199
27769414
20462431
16486146
20747269
19790802
27384225
24334647
18528186
23156919
21901656
21518908
23365102
24376126
23092034
19805689
20373427
27204603
18281388
19806620
21366652
26338905
17623446
16984328
18826993
21783554
