24290385
20859530
20816274
16729835
13435572
17012843
25077507
19169356
23755578
14987681
19560482
28523877
16333790
15773942
18639828
15785041
22177441
21339582
25156001
21479054
20308844
22145788
16596593
18206031
18183877
19676863
21219868
16186619
23260548
19837610
19616291
24294082
21161595
18838961
15207275
16352969
16779531
18377911
22897535
20269824
18549987
14159224
20207837
17892038
17434394
20483573
22532624
22642143
20452570
21530936
21150829
25385961
58564854
25986905
27292837
20801104
24877101
21378023
25531492
25060170
20035038
21867913
13614772
21772422
21905939
24416543
24955207
21490322
26479640
24472153
15756457
24185922
24294532
18174322
26185910
21513658
23795553
26958003
20283219
22628923
14416611
22594806
20805926
16412132
30428672
24839909
16015867
18478189
18917107
18892368
17898572
22795230
18371771
20760315
19216106
27713966
19468914
19448108
18423330
19339703
23380679
25077786
19520970
25154489
27348100
21558657
24119321
19656070
23829791
22867982
23469540
20607303
16345709
16913573
22391963
21358985
25144709
19444695
15423506
23851101
16613911
24968220
21845163
17294190
25961558
23391927
29068313
18349331
18635269
19437076
18563681
25430098
26164982
24268873
23998455
20795323
16529419
25165129
21681940
16053064
22161671
19485255
22170178
22745080
23607258
20218792
22929946
20416593
19225825
18525669
16404605
22361235
28470850
22080147
23519387
24046560
17462378
18332941
25512745
22074147
24027420
21391006
21595614
18424505
20837666
22359956
21757216
19505360
23777255
16122799
21317280
24832039
23970143
22916514
17451103
19844903
28237217
26254514
15771963
19976495
22904960
24680240
19731898
23275045
19461230
23086645
20863927
22464957
22535036
27852738
19849310
19116764
21762626
25349849
26983342
25262393
19700769
21544794
25855252
21368808
21674272
58363336
27079551
23962112
18407166
21041325
23357877
17455634
20380229
16179693
27331218
23152119
21873050
25783145
24095153
23635692
18496324
19213042
22141044
34458089
32519638
16789632
21914864
26555689
14548229
20936905
23281103
19074324
13908910
15678276
18914781
25748269
19104860
21594592
22415724
20420470
19762484
16452764
22560199
31915451
21052325
21935565
17873316
24431849
23214618
12875624
19654209
20574260
18783505
18542114
23563276
19030480
23261798
21822657
19294307
27389668
25692267
20091249
19998022
26548273
18421206
21759475
22655279
20668508
28662577
20628656
24233975
18611318
20918286
22030328
15990979
21329830
18753576
18312954
16957857
26056939
19703634
22058829
15506077
24076062
16910716
24405306
27010244
20957891
19456616
18017629
17034976
17065254
21094059
27995477
25939953
26068000
18340874
18418579
18792595
25000879
22982474
19164610
27588177
21544976
28482260
17515828
21717801
25628471
20805762
17410997
19666508
18007316
22270699
25085401
19962399
17866914
18115845
22368543
18510585
22156521
21472467
18143603
25003994
20609605
17963544
13213570
17834409
26859924
26266173
16181563
18755294
24409500
23170082
20466893
26544446
25651325
18793939
28288191
20945654
18041935
17095928
33290757
18948913
17905865
18405502
16313887
17417834
22175886
18225327
53769369
22766364
21446708
18133725
17877324
20073340
24271469
23085456
20295745
23623172
13408413
16769531
14137944
17429005
19729538
27287230
26017597
25051099
21074945
26924362
16720761
24498091
25352181
18594401
15464849
17515493
17426284
16804194
26970384
18537363
19224245
20410894
20255638
16798318
24167146
17135025
23896092
23312966
18620535
27135329
19047464
18169781
13303702
23729512
23132922
25872317
22862650
21141244
19621389
23112794
18849749
21218404
19674687
17908788
22635154
18409522
25598291
17372166
20044450
19394440
18726875
25878014
19065858
19441491
17336794
20512560
18892556
22221517
24254918
25170023
21999245
16626730
17805945
24789443
22336832
18593302
30645363
18434850
19495725
22724707
16737219
21668470
17100971
19542740
24709274
22680147
24381033
21036638
25436707
23405937
15020700
21318036
27143583
18690017
23450372
23035023
16878213
31889562
19369456
20694665
24337289
18516809
19126967
20849885
14623121
24448259
23846926
22710721
24391985
24664443
22019007
24034228
28974899
19697124
13860551
22785522
21638444
23433891
15252685
17346454
21443235
15167371
21966113
19617117
24442859
18277559
26299645
20860692
21304272
22550039
24158595
22877803
24670930
24951426
17887082
19844542
22895107
20547936
30469786
21757584
20272292
21885972
13939488
25218732
28197974
20906122
21652968
30949838
16936070
21133036
13266283
18147517
13672574
17865592
34040235
17267703
14235857
23908234
16944651
19574622
19133992
25311858
16464546
14153527
22168864
21783104
20256436
15289235
16818621
16809328
20654620
21901873
17800792
22876121
19352811
16238058
23325542
23843705
22061534
19705554
22900886
26035530
23683574
15512518
19912617
16318929
17223409
18156063
21897720
18865557
15509310
16962688
17391498
19210622
17343499
21274608
19885647
26209988
18493560
21183445
25353337
23111438
21681446
21492211
18867097
22743474
18011345
18285681
27978363
25740948
18803258
23947179
22965694
13960290
18955519
23904491
19531151
19129094
18509803
19428534
20812134
25154123
26654201
18192760
17321018
16720260
27242137
21400347
25069669
16066198
18772180
26317891
20355174
22188363
17799256
19660274
26413997
18303430
24260445
24141650
15141195
23245321
21850317
14955889
16809503
19056747
28086887
17354745
14440028
14270816
19660844
23829354
21460233
17316623
25729759
25473412
17515863
24343458
21855048
20968691
22137245
20581917
22751661
30255339
15336484
21665860
22228646
26125289
20580452
24694616
25469652
22176146
18580089
23301273
20571184
25294645
16666403
22749182
21626853
24038459
24735726
24949451
21163200
14988018
16230668
23733132
24055023
25745740
24042905
23069993
18671197
17006305
19753075
19812690
23126957
24400443
16776417
19505996
15992716
19058875
23785503
24261677
22529020
17327349
17823625
14106446
20839559
23829736
16058199
21164346
28573983
22091686
18337477
28005407
21658027
15618592
25598641
15057975
16529529
25630337
19589665
13153484
25612943
20549036
18142355
17279955
26015132
21240687
21824070
22964402
15192390
13780494
22440358
19943941
30954855
22581521
23496692
20626207
22713308
25028527
26071591
22876181
24423344
20532931
25237763
22206716
20247229
24570831
22992079
22326494
24048303
26086345
27853770
20943338
13857904
24093109
24174510
24596293
23455502
19531322
21919149
18019581
22365281
23484771
24960267
17975624
17828918
47163689
21498171
26273811
16734902
18043986
26574446
14259263
18358605
17487512
16588103
17517603
19047320
18631167
14450422
13637823
18045140
21403136
22456297
24392869
18297922
16422685
20996142
26638249
20864997
18159684
16579879
24063414
24268142
23889415
27130136
14239096
17069349
26779848
23549036
22336362
19101285
21531436
17141670
26467592
22017317
18261551
18724501
14679221
17601020
23137792
24089359
20538819
16660419
16704094
16570481
26505071
20370295
25120050
19019860
18494095
20995057
18911805
22544086
16381182
14630332
22329199
15596835
22266251
22081245
23064912
17016766
14080474
19746132
20617994
20815414
31598449
16388093
15891834
16413457
17578957
20045627
15870761
18427874
22197926
19415961
22569324
20743139
19035046
19316065
21460216
18853373
20668869
17972779
16187949
19211912
15895367
24138106
26166984
20799645
24004243
21337008
16189779
17259692
18861133
22796322
22954380
24366916
19102089
29654426
17037848
18125059
18772817
21954646
23387627
21513200
23571202
20238812
17940979
16969855
20806789
21800462
22491325
19990834
21196859
21006054
32546549
25267989
13654212
14375445
21925889
17654695
29669371
25697713
26709199
13631308
21606104
21742034
13208977
20687844
21042370
19085306
26446829
13697479
22152931
18568431
13937051
22587895
21681384
19504942
18927891
24631765
20279271
15650979
19628644
24863848
20458994
23008254
21464141
23143753
21918020
19352711
25488709
18855208
19275223
24645876
22411377
20292198
22984874
22290275
23001477
22807333
21328704
19928610
21574006
21888503
24915604
19815921
22468125
22733184
64829047
21276457
19040222
20946064
24127277
19586925
20311349
22151346
26692369
15934757
18891091
15031986
13210202
22205465
17478060
23153177
18357686
23408028
23794084
52119782
16708450
18078879
18768167
14081432
15062724
21813197
17544638
15697546
20866428
20944588
19275748
19119472
20181944
20914094
20144108
20148285
25756881
19905142
24210664
23741955
19822603
22342191
19700520
25100492
24770568
22104254
23419204
14068901
21759015
23585984
16181402
15853683
19363389
21593878
21904619
18779927
19995321
22961913
20266572
17867741
24707237
18334698
17818089
23665224
19700147
26311950
14140114
20282743
24414149
23414571
21422789
25905217
25533385
20115008
20662265
24288828
17925780
18562078
22952542
24281383
19381302
18023282
21396615
24178205
21215110
24805067
16144570
19962188
21215214
23667182
20689541
24458511
22460951
18271750
21531489
22722530
17294403
20877532
17770201
21825015
22699080
27426626
17506063
13243314
17326724
13710336
21368239
13457706
18290878
24082935
21577143
15447297
19360949
13984727
