323650485
332832697
320998958
352617265
357964900
315858312
337713901
334562337
329922524
323960064
300708776
311904433
325402204
339128133
562482812
362452731
357438557
374597063
323015136
366461631
293528823
324512115
309345487
312399177
314796946
296747034
330598325
296267756
312962271
341822530
309187786
324380244
332602374
361715386
324423892
295099911
282835444
285608336
298622917
358021562
368049675
312792409
289922894
309558894
316106451
328020475
319036113
323429617
302762660
326454168
361608882
333125201
283761308
336734019
299490133
291765628
365354083
337660747
344746021
329900685
337841741
321469172
287009494
334342395
318038250
315430342
327425980
306299387
329569408
336070999
311420418
294509643
339166247
601987544
288182180
286371747
283904153
348262694
343377003
307505009
339509261
325238728
319119736
346338161
340930796
333390476
321809344
305330341
282795656
349321356
334020131
316782611
306078005
336337352
323818547
275590502
297406927
321264025
321340399
307225958
377503555
303763136
328762658
308621487
297039936
332274731
374486582
340646188
335949961
315657558
352622879
283949242
341228237
359472652
311009896
313176259
274718283
302528977
328537113
340509855
328844975
507941044
330556335
313022501
336067874
396641321
330347886
316594590
314364159
297720825
253671616
286171362
315404009
343533858
337690562
339693388
344242353
334769362
354084334
327328793
317811862
341641003
324571935
317607344
310344466
320027842
393049180
322123965
288806664
335441052
310143084
327564238
274114587
294167624
274429703
289288325
301684971
274312067
296796174
335932576
353763040
332320891
297935632
365849447
343839777
316112547
360774639
320930884
344927415
293363735
342317507
334019264
597101623
360092422
280129829
287980917
298676396
329068064
304231909
334248710
322744260
290357185
301933540
307395538
315356072
321917980
364932759
296415581
311292214
326080369
286662579
332247631
344147714
301173595
328912329
380900026
312677845
326794510
304772042
338038797
287615459
255030326
301109326
313442074
312380119
290890428
285854340
333195998
333759214
313081111
299525290
319519593
363968740
314127862
313743494
330703864
376960262
293917483
323888417
326322408
281006041
331341430
322372511
313096559
550815778
366383485
298338555
332176850
316938775
362128005
305932557
295391971
355211521
319640890
317435922
352994012
294621278
331573149
351556029
355567106
329918229
340653061
263836023
297359193
317915696
308969654
315244175
299683712
369035913
317415920
385113518
296551760
286398278
313836457
323392499
342290830
312725954
333881859
329646409
336012345
286304798
331776542
338522917
331404387
320283586
294429052
374972581
343850998
363534744
310842771
300507968
333307493
335272143
339769831
351771139
319062347
276676172
313294021
345816123
328831327
308967204
348536591
509446104
336205409
328086719
316953604
332873460
337415487
348516409
325571937
322045314
303923853
281622217
318426927
300087749
317466441
369728277
312936111
309009566
346159279
321404682
314237847
351840164
340209074
326099625
365942241
298297772
316354256
308975241
327744886
322998604
331321963
315873877
313134772
323804054
317322087
367639066
308225441
276879110
308037456
295604038
307372627
305206539
281256267
330843246
330462413
308740078
298862998
289600207
307026370
324344242
320543210
359571544
305159025
334731556
374427988
303815162
301764921
350573732
350403113
328757517
389863839
312696291
324206496
334874316
312758451
328548380
337803991
321353334
329194867
332658455
346332370
356642137
325696677
328523462
353539369
325265330
285129948
311662764
340249074
315884766
323855635
346530834
325218243
319189421
318992978
336811824
326205913
356755927
269162981
283451711
311413953
343380326
335615975
329026314
304087209
312356492
299747228
311382570
282797795
295068313
296545831
330454260
292402993
307219670
331074771
332495528
288125809
303799500
324597614
338487605
315903860
296756169
326467899
287176379
349455311
421727830
348598426
335130348
368284702
351997125
338713947
345926921
358186094
328012462
290475943
376355491
345505875
296502604
323315745
318721246
305619809
317376576
308164535
326017112
309697242
303723009
322968736
312925787
322921629
318754133
319460555
331533373
373554739
304206030
288366671
290313568
358666148
337536899
341814564
312188133
327201969
353884626
299058540
318096524
329008171
541074251
332836592
276719553
311330034
317320672
347566969
284630883
256502182
285159283
355379655
347424583
333819091
331889889
323142445
300786703
300401368
297143338
298826209
331614199
308463144
362182133
390681574
363907656
311918307
324165535
320863948
313857329
319224680
336629950
330516290
344329215
328386434
321072832
302687771
369412655
344107306
309876735
318135149
320378080
339588219
288490511
343301695
273503090
332679820
289295414
284654808
326450924
560613591
318782985
309809902
344017909
331881418
307818444
295748968
273415922
253124156
334671606
356795205
318869235
321477669
352948268
317305267
347526127
312149239
309004916
368071325
288336844
301876703
311970871
317839681
328103807
310184024
287458928
309948535
327963317
296478962
325651783
310124351
333908189
310069838
325450631
309108044
327960263
343586613
356803400
340408481
341081639
317655331
299788305
333791996
328221524
343258663
327430441
311730819
314696539
322736257
313681408
320839030
357143851
329833370
305705134
372668319
347278031
336127772
283507971
288505157
329393940
294290070
319797464
312712387
332222107
310585833
535509982
320360820
356827933
360370934
334709059
333389776
328484901
324554344
317072440
276596555
305814801
362865009
333575282
332269085
327021150
326417695
313893683
352410773
331403617
316966071
331464620
350678059
316113066
404019456
314219378
319632971
305259010
324773100
312313205
315686045
335613665
336554955
328904368
344661826
370480892
303522799
330485911
327596224
276994196
331487757
287639559
338062464
312212080
317585941
315145357
327261851
296405952
311871189
332589508
334213480
337924883
318548466
333221087
318000387
253001012
335347506
343813380
322794846
322507577
328661028
320545330
375403773
395702202
326530470
356207796
289138134
291091442
345402525
322482892
291173511
298219080
314100189
306754316
320466137
328772627
325010344
307575032
329962911
304888590
344362856
327270016
336632747
346750460
384048297
353927741
297258827
284036651
311656408
348830804
300373604
323527752
310571751
321585178
322586190
332806245
335838521
307711748
316865638
308906358
347451160
339294814
572926155
358537995
335210246
311219433
370980842
306125521
298563020
292353626
277411999
310296988
295375134
303500658
319141980
336859883
306369519
364179512
338392424
319311754
351755460
319140809
288726384
277396597
286462397
292818926
343590630
348797257
328042974
324389793
352818301
317371982
302519952
322364491
314517122
276564062
361630351
306452841
316803693
345545812
318996371
280792708
306664706
333423649
333487175
293258639
299321513
318547029
306463127
325336880
316109292
344062938
304362459
332440842
311084055
314061521
310282153
612096624
347580205
304805368
322325906
323024222
305393947
317947542
314781589
327925383
289698033
315539591
345322731
321790363
323680278
326350273
287960337
324127715
359565781
329682508
331817714
333562540
319524249
326141429
294479752
405279673
362883699
320379744
343159208
344909502
291135362
314701033
357527205
314108980
323901306
318929055
340507918
334748326
284794271
286694010
340158125
354463863
357507960
310161358
293438444
289739387
307589890
346161774
352515692
322597978
423485137
575869192
387134511
338047466
364455532
374916926
283369475
295269237
315490060
353910087
332009189
285761554
293891300
323987656
297873245
311900946
332747928
314309304
336035527
327536859
364447679
339873320
366241661
372204654
339068510
322143724
318220544
295498469
330510645
306638049
323103363
383320192
340234039
315411109
310419381
260839548
339351872
373485046
355938959
336076588
338734613
345364854
282166116
311965303
310328363
339121220
338655796
318341798
307702112
317363077
339342028
315979642
320659882
341120261
310320095
326467977
609976892
331269684
291818827
323019755
416514022
293723145
271294841
292360030
300186152
295317671
298108114
322618942
292257678
322630087
299965246
337064352
335474816
330085797
334110598
333218414
352581051
314249480
359063751
346479596
333825117
342983363
328509378
305959067
300341826
340502559
344879719
335659294
342822149
347239192
296622803
300697520
318268578
324651187
289049809
301839929
330799493
343482719
338362787
334289437
299066937
310200120
320692825
309823768
331346043
301940671
281425406
344663449
573658751
327063360
299184239
339806480
319718817
304243805
329663714
332931551
295326251
309301480
312047569
313903615
328776188
333313732
341493117
313394171
309677330
320595860
326581916
321724101
350345541
328506928
320367821
385079004
323251885
392873481
348145691
294437186
303988820
281386406
329273818
323929621
293980045
293870852
277611488
271202785
308119851
304176519
334408553
322240243
287959298
294745038
344909535
385481936
308753660
336391153
346173346
270893621
294094966
281183400
351160232
348739316
320115768
299995009
304810993
331409501
332485775
309612995
312046558
337339388
580259676
348605849
340017803
333011131
349714637
305809071
305043376
306487890
335575154
321374212
326854943
292872936
328770728
332116614
357941834
341786053
338078087
315387652
336125726
301807324
325051304
346791820
369029231
363545089
333160888
325351168
338236721
313454647
311562901
310787355
303453010
317016107
309133962
365389897
345292887
314297140
310027703
329897948
341581693
393976463
324062151
283181165
330654394
299865866
305870284
351501154
370518147
345926346
300170363
293269166
306997870
310774123
315853146
331619179
347234726
279452201
355785928
360682573
531040067
358559730
337889883
353437064
294647492
359303861
320348819
340094392
327968492
327942803
311343414
291889052
331636160
291251183
306114800
327833514
337096899
366094463
311636381
355967926
328187042
