300093063
338092660
297327452
304597012
261736756
293577674
316043009
307764476
304237581
275094063
258139224
252457446
309672085
289941606
302564958
327399675
303307168
261625524
327373912
303713824
298493158
290644902
246742969
249522510
286146312
273514701
308962837
541805586
297642706
301102615
300407671
305515807
316349305
276103381
263955303
298571326
296341604
311539057
291046246
301815699
322158797
247122007
252288225
282182388
275518776
287006135
264896755
303813965
277548976
288708461
297990906
326986158
292059307
271204034
282757507
291160956
249800987
288635637
349627964
318103428
286569491
322490374
335724156
268981460
273933559
266199590
273482734
281021811
289125948
297790192
284359797
288213837
286202260
293955594
281982204
303802959
303566802
286178648
331463512
308006640
280387390
281562216
303474075
314622652
310347350
523099959
294560412
309616479
288507366
258510636
298643000
280125477
294769777
303906386
280031214
252873417
311281968
315268280
311272772
286088784
323883031
314274380
285263194
284927534
296414824
282391497
355866553
312847850
257199109
253507159
282779270
285252783
338481131
314239379
254938416
238193144
292870957
272297023
285653076
284810347
298384753
280911095
314471244
288897362
299392437
305285558
271938903
289310292
283023170
356810719
286806798
289570027
299709980
292817486
289705624
307530657
305956600
317744240
308075574
316932155
300187824
258181289
267264689
242565147
270838411
246703397
553020316
290712248
264975759
263768611
248355965
262570208
244014191
291254432
340664804
303811169
294713558
336238110
291833452
300557606
296350099
314310871
286044813
353210848
240716319
266010297
302552266
294179882
283105793
251446728
246928358
338084561
252380049
287225449
294775260
280494690
267178140
289658397
280811485
330248771
268219463
306107362
317238215
315617545
276689484
268922534
307552470
298005402
300281608
314822236
284116843
287558060
298347480
270577741
255690002
279945051
268276255
287967787
306168747
353510573
304575307
271880589
244198131
265198103
277107095
287121879
301354258
311205613
306699906
255779833
271857868
249294189
313001254
270726549
262612959
277102750
265222410
257833726
271497022
284335261
259794350
278366206
290735264
299704311
318743462
279276059
273248171
341594075
323314929
286745722
316170520
297949547
242164159
250381735
266865732
298092958
285582294
257677622
260688346
266571663
285630964
289198488
264395555
330841956
291333445
293284222
263030126
276281919
322295045
320381268
315527447
351418603
288944426
313909227
332442437
245151380
311796981
311003361
298680924
292434805
287835335
289820294
312039655
263711551
293079358
509049694
299901660
260644600
275891780
300588213
280433625
269842411
288474095
295828395
262685731
272162451
289856379
287468089
282485635
313659084
287063763
339620812
295595106
282865477
328102043
325988751
291282700
357770931
252521947
263214121
288467522
333665777
283062652
247339487
248563440
312379410
283634420
285840980
270188766
285191904
301336344
299990790
288582654
276010491
333479707
302085194
295991638
318051356
306750777
267672896
325575616
334172221
267015381
270063118
304322702
296179889
279310008
273552725
277801108
267356249
285499510
304859660
306708403
321805928
279269826
340943889
300437306
265726170
287807392
294352316
292611735
248913044
264597737
317109363
388899777
257141094
268462128
280741298
276568762
306791483
257768030
269605902
304641068
299475210
276061006
252770219
277986078
260184573
249860312
415201506
349279467
252106629
258865865
339547580
321677922
271000177
244600904
261484656
291535315
292135863
301152622
307259270
280448848
280812804
286598737
296780547
293013171
285137120
262738203
288549608
293211569
306439413
324433353
312771863
274341091
277355253
293631740
307149555
296434765
321621345
368585407
282819434
304143889
284208384
294250575
296286640
334934976
265147660
298091848
315729503
309250988
308393077
279485067
363953937
362685336
292313661
291362368
291629613
301093593
274862673
262931067
280284874
251326403
236105079
271036401
277749246
344416471
275021760
287997865
284028065
310097268
291359299
306074570
311960886
327616756
271252234
266409004
313110198
264867132
290875170
319453282
285771267
361386346
305395061
305039118
297501907
344019639
297512694
283515378
286617620
312928420
300186786
291316513
297354072
309487881
293129566
287439172
309177851
322176442
264841417
262090989
278417618
245399527
313164396
311213320
286604019
269974451
289242577
282144190
299321778
302477174
253804718
255925796
307898666
291963349
591114912
350724136
296407304
291757149
265586640
248371951
296942887
288955218
279245222
330443495
294903683
314335126
294359569
272035621
294382346
256277416
307698744
318288981
288001566
289145811
319339129
295311253
286478514
306047270
320067397
287333520
297554856
251476418
250384329
265634221
262217443
305847807
286795017
304164267
304484520
304606032
314764049
298643020
287601158
311295873
338919387
306410438
305543114
287114886
301839078
268130265
320557164
260882858
308247150
278800389
276443274
320551458
302084775
283948492
277806200
289044462
298128263
262339549
326869947
263427137
276630919
257118390
318147622
318909112
283863590
295229800
269423314
264033822
278318260
302360112
276874191
271843488
262507269
272182710
281685310
223515215
280245629
255613548
306158041
331064446
298015237
266649916
274315692
325481452
295066862
299190462
286036018
245639374
259137395
262982475
305839577
286453082
290935439
267136612
283488699
252515089
267426140
255691832
311303535
330813658
288142547
265603161
301962447
325358924
320215473
281075226
295468209
281904543
297630191
342171943
257346892
273291696
287755944
277846901
291198128
297375188
307129796
291136600
292934434
291186216
304436005
288003574
322677155
343467167
296209780
284319697
230120298
254385008
264252181
305543407
254547731
312508859
283225824
246489754
254386716
263030464
257253937
242720740
295186562
295398352
260873692
258097315
283084039
282065042
280954202
294789235
289362023
285654375
284410881
295278816
273998415
283852916
284574938
276291430
269981697
294428361
280363350
285116633
276310534
282428431
268498920
311643958
326905362
267919367
309377531
254983350
259580163
255689473
314105273
322307822
283124611
298959729
302050222
318293807
317797081
291281098
307456237
343665533
284163734
257200386
298830089
300548325
266136702
262895396
333909067
284902500
324483487
306866636
285587798
277458084
270592988
254813761
272884623
258621052
278212808
590807990
312226927
289494231
290113915
295776757
288196919
310639693
292498227
283264499
312651405
287403788
335804542
352840592
280646101
256273323
277962131
309978957
305052175
282899177
314158648
274097515
315243809
286660389
290713268
298748728
314978190
254585716
271161408
302508700
302702053
290318663
326254624
316152342
338421189
306357686
300470274
283823885
288886617
266236602
232942666
289656798
343337966
311076136
287090120
260375404
293784407
295075906
343470582
332346325
307429171
343030859
292033963
259201508
316679621
294420016
315716423
279843039
297268133
260687494
292547647
286755507
326957863
296539508
300889262
274650635
292357798
302584804
293454155
271209315
241551354
244083739
317878508
307204095
296264213
276079647
251407759
263541014
261713686
264949864
286191087
265766479
291472353
297358251
280186729
293214363
333127418
297292706
299661902
294486824
265043440
290836153
311391647
278131755
388483329
351590612
266915090
308799702
331152658
271358592
291631862
299549826
276149581
288185516
289543280
260442077
253181994
269435265
283945021
310939132
274535844
256280779
298574161
287747724
275005159
310915378
320387841
301863805
254969542
263670428
296822760
334519983
270926459
276350516
286182564
279512278
320655641
331034464
298512778
312225526
308782404
287954800
306888265
354445610
271555979
310338054
315532140
308038098
339981853
322529296
247703105
274782346
330033077
299199410
302456548
296222167
296717220
283674028
302725246
324293723
291575866
293101525
267882649
300561466
291087623
319235668
303878645
305198701
267982261
304655070
289434051
360774190
308189636
296566785
274529870
321251969
287857870
338927755
297950538
299273794
335078458
270470611
247012195
265332341
293175187
300872008
300460627
258279444
264177166
274938986
311434152
364005207
305600620
246887523
266391301
220648754
263990144
254539722
325600069
286658289
294940886
296500081
315435334
281103702
280792356
262217427
252200315
296341012
384055271
296290732
295822217
340743424
276052798
329256561
296470282
523214351
316225666
315155982
310392423
267330447
307752196
274581269
275661432
269558063
297278877
336274775
306484983
311846892
274803336
311533137
332566729
329000040
293109562
294381913
262733315
308495445
292121729
318570604
269923068
289978289
272342758
264790588
279681262
282760389
291018192
287736178
293502511
269728304
312418648
259344485
321378495
350111944
266212071
308522215
292915769
309074630
241781303
279683642
269118283
289473565
299486998
300242056
274027434
272158457
247953640
334809549
338785015
309283344
328533689
299214346
300211446
296221451
333229739
530840563
312051372
338079896
270386387
269868068
277982797
327195936
266502161
297939343
265499342
271810365
293655510
339765378
265350379
303796365
292592855
298069510
302039731
291545471
302821613
318235393
275404108
319364681
266529014
243576548
315605554
351279380
298143772
326326374
291745028
306954219
262645911
308302204
295131544
301448584
285318289
309483447
277620370
289639601
321708619
307980819
298980334
242356422
248945271
296664967
310376271
292616401
259040168
269468269
349306905
302431101
282689391
327084587
326793227
263095630
253735960
274992117
305866088
278818313
254479724
309581391
275286432
285679254
295615107
314663100
312246741
313887962
287344225
310059391
287707564
285790658
260854037
253691738
255363492
347594065
282579804
306606871
307128920
282020316
262482868
295696912
299092515
300868629
303422251
303039615
279908473
286799235
305881365
