2438903
1625184
2571756
2363604
2455704
1545558
1676216
2601251
2521424
2511621
2538228
2619799
1833250
1491747
2350011
1667048
2951381
2015993
2366545
1751877
2478054
1456124
5224717
1536268
1659708
2591250
2326625
1514948
1571566
1725215
2538148
1568208
1456329
2441488
1491927
2155657
1585801
1592199
1701349
1575447
1523834
1592047
1594283
2001105
1541524
1575623
1521339
1778750
1597835
1510970
1530557
2370872
1561745
1527191
1546573
1589928
1586951
3422261
2468512
1503633
2888401
2578043
2783886
2586024
2915027
3144321
1938217
2672090
2890067
1622782
1463154
1445560
1786153
2201059
1531360
1601188
1617077
1572317
2004856
1586640
2210056
2502044
2519250
1636897
1550570
2685996
1670395
1733936
4255617
1641854
1507158
2522375
1633935
1624934
1491732
2799558
2662593
1511940
3776177
2543192
2270850
2479122
1548076
2446793
2597943
1931370
1664352
2823256
2028679
2495613
1575024
1509050
1613935
1934626
2410436
1484697
1511825
1859027
1530525
2231594
2556542
2395707
2193556
1989898
1988086
1888418
1623542
1814557
2723167
1601942
1539779
2607932
2374275
2653587
2129677
1570283
1776257
1588074
1583657
1662177
2631016
2454272
2070350
2486928
2525285
1493712
2548372
1524189
2367539
1607080
1572505
1498790
4292863
1423195
1971855
1578288
1527841
2534093
2030645
1588052
1549449
2083059
1608674
1529737
1491928
2482830
2232965
1549205
1642412
1594197
1558184
2098320
1526890
1847419
1605449
1689697
1497421
2582411
1698181
1585140
2853877
2489139
1695270
2197954
2485165
2590676
1561312
1516269
1574806
1516983
2649334
2267030
2609769
1768358
1581966
1552099
2468573
2678100
1841483
1521192
2636130
2592543
2657801
1494012
2527010
1572692
1536347
1817336
2567277
2426079
2437399
1507068
1812403
2210422
2477010
1678832
1618379
2485083
2108193
2624323
1589141
2692856
1571139
1902159
1534753
1615691
2392625
1644472
1561915
1609636
1586697
1515802
1970924
3154422
2535054
1557640
2678877
2547896
1669217
1554027
2019149
2410905
1596055
1670118
2530722
1479426
1779330
1518377
1653598
1532813
1727581
1787434
1784378
1618910
2544878
1554485
2944417
2013076
1503244
2339735
1538416
2167825
1714510
1599199
1566986
1539742
1548451
1477724
2000116
2106545
1554687
1518076
1514005
2399161
2117632
2263116
1656644
1520388
1508375
2612526
1523035
1619088
2626713
1717976
1615094
1519612
1602495
1502207
1608821
1889940
2533821
1776840
1948319
1605446
1885214
1900567
1575451
1529446
1518933
1558806
2428394
2522243
2490763
2555270
2531027
1603892
1565025
1756593
2423507
2392328
1625186
1718826
2406017
2410288
2407456
1533122
1639368
1518882
1602571
2507511
2611732
1485481
2359686
2202136
1539678
1554168
1751725
1465737
1587098
1688359
1638793
2439181
2705429
1529202
2810781
2064576
1794619
1546500
2265384
1525472
2502424
2140358
2550224
1720268
1633363
1521139
1735095
2380707
1516271
1490301
1598203
1613600
1692795
2570957
1564365
1575843
2269516
1531321
1580807
2568446
1537700
1587967
1617374
1630320
1476169
1435614
1616322
1596871
2401947
2901130
1578830
2227776
1596271
2195165
2829285
2566831
2628706
2429454
1573431
1516949
2640585
1876154
2471875
1457113
1810194
3492821
2490929
2043514
2010071
1574028
1584847
1611819
2226475
1524871
1577103
2503611
1590953
1895938
2462073
2361796
1555530
1559516
1649378
1599999
1579468
1538465
1656079
1714280
1500453
1687071
1581481
1466501
1720891
1624748
2463338
3225130
1612785
2459684
1660988
1651495
1958263
2506134
1569485
2414189
2530175
1568585
2126072
2002081
2598100
1611235
1584363
2306586
1545556
1584045
1463524
1565864
2024224
1536264
4073265
1675350
1577712
2265854
1632479
1635764
2435691
2400971
2554235
2541384
2662349
2437562
2058306
2414769
2444922
1586293
2015075
1725829
1562357
1491501
2409544
1560386
2687792
1499128
1481265
1540982
2536208
1704192
1550409
1996859
2388440
2533251
1655325
2541311
1524943
2503208
2558182
1555934
1582933
2004473
1524998
2551283
1764898
2466786
1558951
2515152
1749361
1543134
2087394
1507372
2043589
3090015
1556993
2097104
1561459
2536716
1537540
1704663
2113811
2465998
1558058
2507796
2465635
1545836
2396975
2391517
2499025
1598933
1666717
2244705
2382012
2099570
2195567
2324318
1665068
1550770
1692501
1681327
2651613
1671271
2525386
1489872
2661431
1618807
1648525
1538440
1632727
1481941
1552960
2471260
2402475
2393755
1632391
2526863
1521954
2558260
1551041
1536789
1732604
2536403
1536774
3640021
2533953
2111752
2504202
2406932
2535751
1513788
2565212
2368092
1929394
2341071
2142226
2556116
2378125
2110546
3584632
1524971
1507658
1539326
2469012
2483756
1598709
1927364
1664146
1463707
1601103
2460643
2322686
1508476
2426593
1524923
1555434
1529182
1641095
1539630
1614754
2474570
1509794
1541978
1565914
2103411
1647929
2065064
1639506
2178245
1536312
1498295
1531823
2378236
1627252
1635674
1589083
1671335
2115640
1495499
2134873
2277597
2274726
2396092
2519257
2214022
2267966
2372173
2309102
2216727
2693764
2256159
1685509
2382092
1572208
1561009
1524993
2586709
1527138
1512088
1694436
1508211
1506263
2351027
1527513
1931113
1611920
2473618
2540591
2502627
2424831
2472734
1608888
1500502
1559886
2607764
1487560
1603879
2447876
1836578
4238398
2369089
2442860
1725673
1617975
2417567
1536029
1647808
1909432
1618880
1581320
1533531
2798619
2317836
1824577
1542202
2510466
2369530
2187559
2382615
1558141
1643194
2545728
1514675
2308058
1669697
1566216
2384807
1614671
2287268
1596565
2558337
2546358
1685323
1544555
2399174
2226059
2095651
2542840
1561409
2347349
1525151
2419881
2515980
2621682
3650389
2514071
2696739
1600009
2597055
2832117
1513200
1947412
1533573
2359604
2794534
1557374
2699096
2032139
1559212
1949636
1550716
2430677
2575670
2841119
1778072
1658021
1622640
2557704
1478555
2044649
1507987
1865173
1461117
2567188
1617299
2428315
1571324
1967989
2753998
1788710
1838322
1680622
1528172
1545941
1636800
2599360
1541312
3617228
1575632
2469759
1814383
2647110
2052179
1511681
2936087
1696197
2322048
2896961
1729473
1579258
1755891
2294556
2498344
2450312
2458971
1497512
1650710
1875228
1583245
2259476
2387487
2536888
2313496
2407666
2583530
2444240
2384788
1494178
2029851
1558027
1618518
2542578
1446112
1550773
1665210
1768486
1500935
1525869
2407292
2508143
1624916
2471865
1558030
1450999
2448116
1459273
2603156
2699127
2386315
1989350
1520587
1744277
1550333
2511394
2613293
1607205
2699057
1519233
1591844
2440468
1530122
1740598
1706236
1599590
2558432
1528700
1581399
1492033
2445843
2534807
2686736
1541661
1473123
1651246
1827966
1521397
2492315
1576114
1756100
1537356
3879633
1787923
1835530
1618444
2469529
1684123
2027918
2753682
1608567
1526197
1561560
1551875
1524682
2546773
1488430
2541962
2529816
2314120
2698432
2589374
1550279
2485670
2536504
1664285
2361430
1640213
2544070
2406902
1630585
2714959
2515143
2386695
2350468
2492177
1566455
1659970
2064504
1639780
1529937
1518880
1518179
2457382
1512342
1608562
1611346
2370768
3046158
3526447
2513488
3014310
2565297
1828207
2425785
1601865
2738003
2367726
1580778
1618369
2607782
1678950
1525163
2044526
1560889
2517731
2658269
2712968
1752002
2056318
1814037
2062580
2677181
1700608
1968876
2447188
1863402
1595233
2084345
2703274
2119348
1701993
1512809
2451943
2310579
1542095
1573894
1739401
1566049
1601507
1575767
1543375
1812125
2049317
2779857
2440918
1521260
1521441
2656142
1820085
1483027
1526167
2066744
1500591
1511959
2489455
2718027
2594697
2542811
2520631
1701098
2520702
1519542
1774382
2281540
2122851
1601005
1602946
2149136
2510489
1964999
2527708
1513406
2284016
1566928
1563280
1438847
1478058
2495648
1564483
2498911
2425259
2099213
2570717
2434907
2125893
2484752
1591802
2323880
1844782
2460037
2628015
2420492
1644215
1614439
2319477
1535887
2378400
1563354
1490497
1629093
1632831
1597632
3215873
1516624
1617328
2595943
1564610
1562381
1629006
2590561
1517365
1663883
2436315
1929059
2808940
1603071
1578536
1548708
1734198
2511018
2068440
1805535
1667629
2629190
2542085
1525467
1693929
1506905
2490877
1610426
1768260
1698142
1625262
1483970
1624960
2247360
3406877
2377670
2412045
1576858
2469267
2563620
2438525
1544802
2690788
1573109
