159771645
198158099
187268295
183646179
182499807
179571691
163017256
198089366
218415057
185873758
184600375
192538767
219528985
192124875
191161729
208966787
187458724
172963387
200142841
218454079
198582142
202982899
221691351
215269535
187139871
211705775
215687422
172556529
240835127
239823082
190329076
205103291
163560288
162144985
182476639
176364301
207421376
205153068
198100881
214214644
173102359
160911093
172157700
202008648
244062144
446565312
197889893
199830540
208560908
200692426
164953599
175177391
203040988
208616672
187232076
167854952
175628311
171557052
206793081
192775629
195328594
200861038
189610578
182528199
195620628
239154289
200391595
243637361
251605530
226119513
197675782
178061694
175701486
157158629
201925774
257612921
204416196
209969944
184630229
183088368
173775827
247150266
191913976
194479673
172753975
179338060
201872077
243188343
184635754
194604250
211481430
157514461
166852905
167177862
206179640
199871682
199126097
192157816
181506153
170858876
156471200
167264927
172621959
174276424
164599788
214421362
182808929
220738186
172040948
175437286
176120656
203523707
187886773
194076144
195832857
217893059
203392703
176957958
211804137
171308995
256947492
241827954
208148931
163285755
171725354
200413374
249195243
178362927
170504132
199711196
200544920
171388675
182254896
172129777
159667057
170603267
193669392
195119696
176175356
176100427
160741053
164038553
231345289
170255738
163539864
162782702
158563047
184594673
206426356
192539535
200772553
211116548
188186738
206026987
216230992
200733937
196418258
179744871
201675047
174459607
185354511
240573401
217724636
201626622
175742688
192683427
223471174
217080723
188104351
173814506
179180825
159359756
193795863
214762763
203579633
214576117
199765319
187119182
187926107
174779254
186672849
495415011
205574450
216457413
244174047
198716588
207692146
197991846
195626204
182199925
199243342
222060339
186223559
175266829
201212223
253425824
179534198
209687907
193059100
191169373
184978479
182897075
191402528
209029994
201905001
247426421
224750183
182290368
200139970
181901206
199275461
204886891
243909167
197543619
140688953
163393306
205170393
177574744
190964050
192939012
190820590
187206779
165822422
170019175
195175609
257316343
206200219
201532959
187361798
209595515
224792789
198859482
195455351
215761975
164624148
148961354
174491174
156397004
231169573
223617991
180077382
189649101
168648866
176297064
171400281
200305522
173765064
201239355
187901520
193913485
180402133
182945540
169046350
185964652
161962892
198547334
245488151
211096568
197310499
207754898
150073371
189907797
229989443
202520611
187655832
215742754
149535895
158521273
206796040
204363912
180389478
183965878
195218025
208762394
181302330
210425426
195427925
160842401
162553988
152109478
216813317
229980151
201389590
174774834
185705885
195427318
197824071
214639117
212101993
185136735
172441959
215528256
247205915
189246507
222435949
150864749
184796729
162229670
191639890
181404833
193950732
196524873
239360830
160020469
165865040
185093180
505629495
191429496
220102352
217887531
198142361
182573027
196514161
150308023
208682986
238479566
206636809
202590900
167836838
167234113
166009746
185160130
211232813
196708047
183565257
168216356
207048427
187186499
199732699
169814963
204836670
238463903
207447418
195532113
224939886
203971645
194627237
223672251
226660057
169608766
166848321
193820426
190154456
176123130
207384845
162848333
161903448
159991472
167817490
160027725
222982830
232118517
223116345
198403818
199625715
167037924
185970843
244684929
211737799
158724306
177634864
166694689
158876283
219002811
215055603
197068819
195977600
206654318
208059694
156332385
160672209
154635304
205958746
220431387
189818240
195386284
206741218
206696331
222951433
187636864
205419512
183564390
209415627
193807976
201726827
189202370
184540987
203474514
146282529
214088927
232370532
394346514
220369497
198211437
183183676
228911188
176448140
163762968
173279973
179802437
184222011
187891504
197844558
194271132
201970458
202877828
188396408
185008433
142505107
225017345
236647460
199772146
201443649
175915494
154836122
194998905
204257619
208705573
184309506
192997325
207114014
198779007
204843121
195695149
195101954
191919140
160184063
190943706
244108364
208113200
190850307
158538632
153648567
207740435
231125611
189246402
219328284
282863427
210338058
182935920
202941540
181778843
197236004
218448637
175885671
197265437
247446504
193376623
161141001
163577698
161808391
146893380
194257639
211256253
206215861
184389056
199137449
171816079
212082803
206182882
167335312
199786830
235708064
210735718
201334050
198420942
211352508
213060929
479812610
203649323
203462660
209294884
211208329
153692606
148602919
191651551
224688614
186777269
220905245
201677668
193542703
169633730
199095025
226554804
203052542
194163521
196397963
192410196
180105752
159402451
195052591
227646662
194141045
171054210
211820788
225798923
159615899
214118281
258159672
203654888
177998432
168229363
167426063
192397969
207715504
193890315
204469659
199986607
202550869
179248760
196199927
228101803
210400277
265159210
172432146
205739331
186968530
184324875
222788827
204896767
182375238
204075193
202574405
203642852
254597019
205780550
206833322
211183163
169620717
191920551
246917019
214579199
203677308
165950450
167671768
164336431
195680152
194667778
176922617
172602487
202984578
184637176
143242036
172756035
167344750
156934600
181995825
180775074
164220552
163504828
166794528
187335648
198993122
179118059
205114547
178994358
175432948
200191500
198246618
189443858
201963270
230173586
188643612
173257262
195579561
208420807
186916949
196067994
144676722
204762533
233958619
211227357
200224630
242084677
218610315
245089436
204379848
206901290
162726197
162919443
216328326
215641417
193537951
205280824
195770210
182179979
171961052
156088406
179446688
210666786
161615340
165615574
202312399
232170271
206128326
185919166
197436015
244133213
188907336
196732011
189214710
207115702
198042622
225078546
153867801
149054502
190798681
215275558
188716932
202698830
173992188
170870594
171420222
188221505
165337747
150540719
197033088
255931934
196201648
196643389
157448330
208710940
434538711
232588676
195811851
198728428
207910790
189013501
158969473
181546791
158383000
229705576
193559158
186699347
203969540
185307281
203687013
232724982
160610355
198980055
225326581
188137316
220044107
205977018
165932107
202523509
229016207
201040855
201202659
200016157
180402140
186750482
185118323
239452114
203908486
170793977
167942397
209552754
285474365
183749127
200604726
253571629
210969836
188751067
219173926
194734725
216340129
185681405
160608772
192861118
195720054
202270469
199579739
208813851
165487451
166085268
179903586
157401597
202307030
210407592
182313304
188258028
203192113
211785516
240482375
215598535
197866837
171826492
159660495
181490493
181442823
161709056
160880054
160554744
192502460
243652213
195463993
176652377
157233334
218637463
478125912
213571137
166414230
165476298
176976335
152933407
158283645
197976298
183282277
232239956
183469760
214488873
250856872
206978392
232229136
224092499
200003572
189075024
186941060
169352733
170767131
195355417
194325403
180380838
168984953
190710869
190721773
200544433
193335628
188500004
244799551
237181601
161207282
171757486
175103756
182820417
195284303
204586222
191685638
200682944
219983975
200927982
191176651
195666106
171683359
174444559
212163077
210689279
240204355
211209304
215022763
201699930
136915657
203778575
242198065
198549672
207253292
215593335
208653162
167558905
192783065
224233878
193804166
210755700
167016891
152738012
184317033
203050416
196494674
188009863
183390703
195612960
193921257
216912381
207625096
210974142
174551533
188457407
155223297
231788436
236958092
220852791
170598510
176545886
187513036
239050722
193917649
182277822
161250036
200335564
262537989
184206718
207464152
204401072
202338576
185237007
187716717
200238264
213648776
186002232
185276706
167869845
176962502
209434939
232083502
191855140
203076315
195412578
188140176
186221649
195987307
192691101
201208631
190766743
160220610
194520561
230206666
208964804
196507815
191380695
192406423
161754096
206727354
231053524
189978515
213551240
196081386
212936780
188804240
160597474
196624184
189390236
184701423
148013072
164400608
188960427
196496699
171049242
174165093
185810051
199457589
188284099
154401244
172680264
174261419
144959635
172443130
208670688
193456727
210497498
158753275
182125574
201890753
225785798
204261934
158821640
213592388
215959366
189909607
247651587
213115038
226103151
234548144
212361819
230056042
202288263
152111813
152638034
159637126
169159479
152578823
166933120
162960740
192956687
234826333
187911057
201686876
196717843
211117997
197250417
208650140
198502884
180152935
164943395
185525764
220926932
192820173
167107560
169683009
166430278
178319649
195033951
205328211
191013873
188925661
139280054
166505716
198228613
252622155
194936141
202242854
203861848
200673844
234082033
200290012
163878458
224172946
240556543
205735779
193794338
171943531
197008588
198855174
199501686
202179993
185154508
197632069
197353456
491681475
185805781
213845862
194565602
208055186
193945436
189180589
162290254
171370256
165202252
180025991
178777794
166999420
158162342
176537773
210024430
229035037
201087683
166572675
194485276
199710309
235846344
216480548
211504486
201044975
211792451
183223903
174307268
158323117
197842167
168591557
176223586
209933044
212810417
212866794
200476273
181614699
204537022
218293508
199287790
197244440
192804030
204587063
229170818
208859890
205588012
202790202
188782167
177312089
179969087
151055197
190744652
213949729
193837261
185081357
202738441
204643033
195434906
213932136
193921154
183948842
196534815
205037312
193653860
193595838
244354125
199299875
210200448
187738128
206137507
246084619
407157545
234585428
209453911
219157227
198195345
180647455
184712174
200270861
195579290
194718961
186941122
