23074742
20828403
22500243
31199418
27223651
24924479
21891865
24862559
27838041
30030752
19700000
24771862
31667572
26784633
22985818
29166869
30700958
24762781
19222640
20440215
21939286
24119973
24652323
21541808
28186468
21388842
22295054
33481516
18664174
24464467
22061852
29501075
19667214
23018037
28633319
23808309
26008870
30341825
25818153
21175984
22408384
28488931
27090012
22430096
19884850
25744541
32215914
28702332
26323152
19884526
23807433
18883103
22210256
28003036
23577809
27968987
28462490
27914713
27386579
25214665
20392959
24697512
21997083
24152143
26438352
28099443
26513751
22340787
21530105
24727370
24815035
19482295
19580978
21103847
28475847
29097859
27514619
28363301
20176376
33210442
24547850
22806076
28153920
26040635
27468822
26462296
19939425
25887364
18803395
25642231
28788185
22704886
22654825
25317387
34331116
26617698
29203928
21742267
24173411
27792620
25955263
23412765
25524022
21330348
23681474
18836561
20156569
24890549
27819445
22319596
31135292
30075200
21825983
27071610
21450024
24199928
24873340
21390909
24241815
26430493
37700755
34337798
25173503
20101680
22855252
27024277
22341739
30029075
25307419
22159414
23559196
27505260
21457562
34018155
22722565
33779432
19610664
24661195
32435056
25260464
22602293
23088398
26097691
28587901
19202501
24801256
21371622
23454234
25839589
21508631
25809857
26216938
21979357
22203626
21231731
27284483
23200423
22792529
21183559
21896918
30589895
22199909
21862431
21216456
20017765
26541231
24270899
19589057
18744474
21234531
24364349
30204609
20641091
27606296
24879317
25999849
25031853
23008271
21184698
25871647
29103373
28110760
20777617
22534289
23384351
33275379
23388258
22323537
26322982
25384448
25568051
20047547
25901626
30153160
30150041
21265451
27657259
25703272
29558456
20527884
23794533
22368332
27122872
21855023
30129179
26882754
29166876
25028779
30748051
25070336
31997444
23549115
23094674
22129078
23510816
20690006
19152451
27325869
19570948
27640642
22584317
22255636
24296974
27243856
25283181
24639948
24579653
23170248
25577977
21319486
22644235
25169986
24575144
19557896
23084276
20321177
29640254
22440268
20451733
19255691
23807869
22740861
25812678
25760247
25272427
20341671
18875798
25991616
25064127
24254826
24155867
20896497
24984274
29858815
23744118
19247572
27558936
21736616
28350202
27169492
25222417
24042433
21042576
26598087
22405103
21078672
26375464
21502085
22701193
25123430
27226234
25290251
25801118
23065464
30399870
21718814
20810025
24392554
20207692
27469078
19090171
23679378
30573190
26482562
32442203
19537080
20032514
26446540
31092205
25384050
25990882
29606420
28202813
27587035
22998206
22587729
30357172
20881263
21550716
21177182
18865622
24049623
25290448
22663748
25101941
21702100
23853522
28899735
20477785
29609185
18552145
27538684
25413876
20866211
28633529
26568680
18724087
26087365
23106117
31767732
20993832
20683398
25372659
23755281
20893400
29381633
29659981
20073419
25853199
27231860
26177086
22584654
22466539
21264836
24343050
24281848
22043663
26474745
27161487
26477248
25625283
24555557
21138896
21491852
26432875
25505320
23276246
20013106
27062903
26493682
27721445
25399426
20372376
21428269
22011638
31298774
23230401
25987488
19656372
24499842
26110649
24287858
21638793
31837294
20099538
22373547
23127011
28363355
24103950
26796647
25266359
28105428
26892924
24210048
28236557
30180624
27252942
25934659
26830419
27646586
20179457
23677441
31232795
27791645
25329642
21632146
30429932
26691863
24869383
19255576
23910694
26715848
24778531
18696441
20632494
21680939
27344363
25432292
29977684
27319023
22872102
31158778
19768055
23859542
18972163
29240742
22958315
20228005
23484460
20111028
23396691
30719806
25013167
21614690
23131060
20104340
28360777
25142135
30614464
27471399
25904347
32514846
23206948
22501232
27220168
24684959
26861725
19145654
20419384
19455536
19115306
19119931
27008913
24457839
22834050
24126242
26256908
25193777
25907641
26110313
26231748
27707706
24472885
22602311
27362954
27121756
26032631
21352974
28845325
27107451
22866341
26911250
28815612
22683933
24098935
20883154
21610229
32908213
21796287
24169299
23017055
22524468
22750312
19728453
20074900
26684482
24924457
24355534
23585626
21281071
20616418
24356844
28335407
18337598
24620643
23664762
30564443
26178708
29770680
24686542
24616950
27299986
22446538
27796410
26283501
22658304
30791624
23052040
25392019
23290884
33954490
31492563
26162404
22330366
24296385
20596350
28393281
25285811
25823036
25423724
26423528
29093395
29024675
24600985
25190579
27838048
23366627
35416245
25840746
20760653
28172366
21083207
27327049
26003137
26934867
23077571
24122136
25698975
26851236
23280135
20236417
26496514
30239822
25420543
29342746
24502243
27764427
24842127
19809368
23483388
28081875
29683069
20771184
20635422
21236953
25317223
29066117
25463409
25800722
21252728
28510557
33848567
19471661
20598749
21813192
22115899
20109158
28813034
27913685
22023415
19619776
23107253
24359057
21155191
19126243
22830254
19920117
24553652
24795979
26037906
26668116
24635161
26598420
20595727
21097817
37442546
23412442
23316217
21594004
18968411
24914789
26714486
23648387
24892496
25244232
22443774
21671015
41220534
30809779
20582770
23187331
21998289
23904926
29706178
19676761
22399075
26877638
22069376
24124589
19017622
30476376
19753310
22585389
19388230
34206620
22760643
26436193
24542557
28319561
22287184
21497625
25651202
22539147
27183024
21163370
21448429
21510095
28571719
24539914
29240456
29571701
29393293
32447465
21592283
24938936
23014751
23898577
28268841
24916631
28399499
21884063
21161990
21566455
27257728
29869946
31933963
26403820
25388932
23609008
23770932
21800352
25126313
35456249
19130011
18702730
21579880
31676750
23552146
22486272
22330491
29040712
24811072
22746962
27169096
22589687
27856763
24703520
28726323
23940704
27144232
31026118
21005401
29869536
23641020
27184952
28042924
25375261
25653082
24492691
31468203
26634821
25924650
26020855
30553470
22799795
24368523
21495022
19469503
27665434
26237096
25483625
21336163
21424326
24778639
21491647
22882345
32059361
28575644
28139351
29636709
23327247
28820737
23810932
27184787
20087872
25273277
19619584
23423216
19279929
25763334
20029464
22432547
26571031
26103017
26137866
33818621
23432135
23191296
21098198
30758111
28228903
26387467
26002921
21159399
20630764
19931164
19312318
31154306
23054162
20371162
19232936
21023602
33372432
19770074
21242253
19218161
18387151
22009474
30519887
21629754
22730495
22464740
20127320
21153753
19560340
34148623
21633531
24803642
19098112
19117289
22216074
28980542
25991571
26759812
29668832
19426716
22611246
25057311
18518536
26511665
31023874
27717877
26588610
28033616
21239929
28949259
20384178
23535300
19195117
24605452
22042602
28140295
24227020
27794852
30197067
22165889
27122399
22267193
19639446
22308227
23400996
20654283
35288507
32505697
32932466
19981483
23345965
23517815
19984317
18958665
25935217
37776048
22909712
19124155
26233912
20256818
20350371
24255430
26956544
27644957
23293795
22243174
27337721
26725339
33027604
21367784
22742249
29195248
32487114
23588197
26044573
22872965
31058209
21376722
26287959
21508784
20072489
28476838
29566530
21390600
18639712
19190430
24790457
26827398
22841869
22675780
19170138
20946673
25437603
20292582
22322060
24602237
23138850
38122134
19687877
27881375
30213871
23859138
26343613
24471087
23086220
21278956
26443775
25243034
28135909
20583588
23420477
25392502
23770830
22258337
20307996
23549807
23436162
22323765
25590523
23397272
26539319
25772859
22120494
24526726
28695820
34868771
27929975
23183615
20529793
29256962
30517823
23083873
18579992
29970037
25553908
19028722
28002978
26053595
22248654
27293237
18642947
19084098
27691642
27539678
23943908
25380439
19622217
23286920
24808347
33060867
23779331
27328546
19276049
24032363
30892620
22948801
22881071
22681542
23080750
27547579
26245159
20809239
20062725
21417941
23293962
26622758
23679552
26078508
26242950
26551157
32339352
26061724
25642673
26537595
21536910
24266023
28683178
28908224
27329816
31091304
19852258
21069225
27988854
24286535
26920340
27717185
27587234
23836385
24494921
25995468
23161000
26310586
19251472
26187678
26144829
22554765
39303713
20906918
26331689
26799307
29834613
28040570
24053153
28364906
31402878
25636725
19927761
28110333
27752359
19352383
22033571
22869681
29191954
26551263
26036457
24835464
19082080
27798199
26009070
21426485
24416781
27836578
26003456
25837741
23799740
18667858
19604968
32065791
31942121
30423520
22714832
20381382
21603755
27279859
20976331
24801789
24740486
26928890
21579879
20112082
21921750
19916449
24867777
37033455
24642153
24627545
27388930
24530662
26876486
25430521
28006015
22434013
28247732
28560938
25766065
28062866
26146674
23800766
21161413
28960361
25709947
25371667
24259588
21092746
27432346
26634643
23993434
21499391
21319019
31172082
19209057
25276523
24134123
20012692
23987373
23266636
25327964
30579569
20342132
21223228
20612354
20561086
30626507
31497935
