127612
129317
186650
199470
248525
242814
205905
206606
130661
133506
186024
211977
128689
193489
117416
255127
133238
126686
220055
122574
139669
129216
117643
125046
123396
117266
125838
121194
178756
184382
121303
201069
214662
195366
121671
167716
217172
203628
120125
197154
124749
205322
123870
202624
197189
198015
192466
186478
192935
125891
132510
130798
126206
136485
186884
131470
116121
189669
190014
193023
196051
179686
215392
193183
120039
199850
126594
229492
201153
122149
211942
201775
127151
196146
117264
119861
196092
115523
201058
137900
197890
187629
186172
206501
114478
126419
124337
186049
118188
130049
121697
197102
134504
118080
128627
122838
194428
135133
130812
122384
126912
123104
120278
122759
206728
157284
141196
122438
116589
130596
127969
129368
130713
129863
123747
225877
118673
212403
214604
191147
187196
191063
121501
217329
201522
194351
128071
212279
123659
123587
199224
123093
117509
117684
125572
124150
212413
130855
116917
128173
198289
118828
122092
110436
204392
190727
201243
188419
194235
131087
206608
189440
230224
128349
119215
147651
124900
209719
199039
120350
126147
180600
182961
194887
128341
127428
118871
185484
126201
192697
120068
115774
118184
136133
122771
121906
135170
124307
179700
122677
119924
239066
118547
119262
192259
137791
120360
212115
174098
121757
120967
115180
199570
125814
205028
208507
213352
191221
187581
120359
119434
117671
128379
127729
118254
118825
201244
204218
121585
197320
129141
124483
124157
129908
151232
126387
119293
135804
192642
204925
196244
122542
199549
194450
210218
195807
201345
202062
197117
122885
197548
197461
244488
197054
202100
211516
183935
194894
242210
138446
257595
190661
125528
122651
115099
196684
205700
194705
190674
142447
117900
119775
123417
127551
126782
196604
184555
192493
123065
138124
206285
128959
217378
125948
218041
119796
121582
119219
219848
124423
115196
125177
204873
126446
197093
117968
127942
151519
126382
181921
127602
116023
212718
203011
208786
189754
190379
184925
197152
195660
206984
133056
204581
122478
124502
121691
123282
195592
126549
128342
213750
197287
116084
124771
214608
192442
119269
191592
139899
118681
173805
115390
214023
134424
128491
127891
123673
113649
137917
190924
119120
199109
139222
134690
120616
126333
190574
119486
189520
204797
125673
199667
196146
184933
196274
126641
123040
190790
192090
117449
205216
119195
113611
254921
193464
218830
208057
144914
182354
246635
222654
251445
208830
191061
194492
127632
122113
124492
123698
129895
125686
129950
126343
193317
185801
128639
115281
183657
179671
128543
125106
220089
115465
200406
227108
121697
189077
132804
118336
189474
204783
121969
202685
137152
200264
206880
120103
118232
118352
181744
117094
127958
129947
126726
122184
131106
190266
182724
128101
146462
203548
127491
113719
123846
119367
115695
123140
216231
197454
199646
117725
199876
197948
123075
204737
242025
119937
113587
197089
196469
122070
205409
135696
115236
120322
132896
129333
203660
201703
127938
197168
123607
122462
193385
192298
209371
120201
137896
116466
193018
207661
116520
126327
120337
193213
123801
206443
124200
121778
194709
183621
198793
3741690
118414
198616
194232
207504
207095
173421
209038
245573
225937
216638
127157
122168
197802
145933
191267
192159
123791
134317
129332
114761
120137
201399
220965
120118
194656
121770
187928
194541
145503
195445
115307
199937
117682
122052
133533
128634
197570
204563
172723
126256
216671
131194
193926
115805
220668
214887
130910
125625
197369
175280
125946
118036
201080
123888
119148
116404
192282
129850
127973
190989
125471
128527
134214
124853
179260
138248
122790
202505
202426
125316
134879
111947
202306
119586
123353
131613
123501
122770
113716
131539
116576
142511
190101
120313
121857
126455
126880
125669
210585
192113
122837
123374
119020
198170
193743
119583
197719
123499
182438
198677
127552
124266
172971
199996
115538
128926
131767
200676
203606
200209
150136
117711
117930
125343
132802
115773
118952
135589
116653
229278
207248
208045
222818
178998
191746
236869
129204
196061
198052
120395
126018
192765
210501
197219
122959
204989
129623
141656
116636
122164
123192
113128
126629
118273
195578
123677
141776
127287
128678
214080
193036
132524
119939
137788
182677
192673
120274
192679
134033
195020
115719
137358
118117
197724
124276
116370
195257
187846
198722
132370
113761
186481
192681
128888
120647
119727
115117
125376
125962
118635
126112
136492
122172
132238
115709
119324
195901
122417
119299
200537
195731
122509
115955
188259
134512
139546
205259
184493
187682
122088
132948
219805
183305
117079
200575
121799
195592
192172
199694
202998
192203
185691
139868
123639
144524
124810
188270
195959
123400
112575
122834
124872
159670
121271
122609
184817
116859
182072
132927
127559
122088
204468
194898
142367
124225
118683
232563
225172
204991
233067
195994
181289
199036
129836
186320
128080
124938
125244
177566
194940
181120
198499
185463
117450
198952
143176
123395
192252
114573
199875
116692
205492
121477
114656
197592
183383
120582
132918
122143
118276
189321
129185
122123
204046
218412
199216
116557
198412
118763
198597
113025
123099
200629
184730
120378
147748
129366
130285
198944
189654
131088
119766
197914
117723
189231
195965
123549
119733
180272
221003
208494
114434
138269
118609
123520
138572
202339
120971
117000
127732
128139
140541
119325
134039
130546
119687
114625
185391
127972
190412
191617
191546
188534
214123
185894
194518
194035
196799
191023
123654
188977
132633
124726
137980
133810
190868
198095
201925
125989
190036
221911
125288
136690
188070
135046
116656
119535
205296
201286
196946
187219
206570
213926
137412
273731
214800
194662
195935
191288
204676
180430
152114
137288
135733
129030
139738
119112
126777
120397
123620
139752
123419
128989
133151
126449
123876
122690
143551
120181
122273
132334
123147
123174
118960
122355
125827
120766
134281
119051
123401
119419
122983
131351
119219
115040
129064
122365
135849
125997
117847
120685
123291
116254
121421
115076
121008
123649
127466
116381
120419
127257
131397
191309
128041
123785
125708
120309
132983
111502
121599
118514
120001
126509
128748
119776
128154
184363
182484
127365
126354
131786
121728
133493
118111
124094
122754
129412
129477
122341
123354
114753
123719
123902
123582
119976
130963
124873
186958
119629
124884
125402
126655
132203
118389
186019
172607
128015
130429
116864
148965
119361
146659
128432
121151
117825
198774
133661
119802
119011
288426
118087
125140
188890
198787
226669
196525
182595
213543
234526
228970
367275
202430
234920
134567
125921
210254
125670
205358
215844
122166
211168
229804
126867
123743
129113
122395
200203
122298
155448
126029
134080
229852
122223
235636
126002
191239
119666
122537
118322
225008
114456
116039
123311
227374
122997
243738
198740
218276
188347
236701
124958
141774
129561
240461
129397
124747
205246
125208
123841
228467
223587
229033
121838
115841
224277
232945
232136
237001
229284
119206
206966
120413
212736
133780
114392
124606
122906
