1881196
1751454
1660224
1348334
1117754
1051479
1387177
1836569
1994444
1149123
1122432
1678042
1114977
1962566
1836546
1757857
2641548
1929300
1480569
1567483
1632036
1084149
1102459
1097331
1103341
1798637
1097420
1081319
1058806
1641143
3262626
1809572
1852755
1087274
1133653
1237668
1098034
1073368
1208248
1748214
1053801
1183324
1055412
1062987
2818276
2106542
1405466
1797148
1849181
2108388
1793072
2023652
1087145
1652337
1715593
1073176
1126099
1484819
1385687
1743352
1148829
1946499
1958876
1927010
1281754
1065214
1039780
1138950
1091670
1333408
1109568
1157101
1260601
1428966
1767408
1011725
1116435
1488510
1121303
1064862
1771554
1157164
1868180
3013307
1066769
1293445
1776713
1798019
1740658
1133974
1188781
1098671
1125046
1130128
1100922
1107818
2017060
1085461
1312660
2123487
1832587
1096671
1841890
1940231
1043769
2218125
1100474
1178764
3178303
1093503
1087635
1774866
1792865
1095590
1884767
1016724
1111486
1274995
1756330
1785620
1767113
1721802
1068206
1059065
1072485
1120708
1911385
1291041
1095990
1904653
1822039
1138980
2571446
1929086
1080293
1814771
1801107
1016797
1078295
1813122
1133310
1414480
1762646
1037358
2791819
1987031
1046596
1772376
1894877
1757083
1129578
1841674
1116320
1151532
1112735
3187349
1108073
1938200
1068015
1928046
1052892
1774501
1868791
1499472
1097804
1083092
2777477
1863133
1065904
1491259
1152029
1140634
1114529
1136279
1018624
1922401
1815824
1219116
1344743
1123843
1159016
1875276
1063786
1023981
1676073
1824163
1225118
3222879
1083770
1384904
1171007
1100427
1798003
1137184
2061431
1632836
1204762
2952617
1162261
1218949
1155249
1958794
1199309
1741523
1137927
1783620
1170730
2854812
1113913
1750340
1086766
1146957
1170821
1303158
1210123
1135650
1824259
1920816
1707040
1069237
1100416
1845026
1913250
1157698
1138894
1188735
3209959
1788680
1090565
1082634
1038315
1264101
1080744
1169627
1120014
1072939
2550030
1810361
1729237
1261020
1199682
1406684
1316281
1131153
1049809
2805448
1095537
1157302
1072047
1853706
1166872
1077691
1051146
1380609
1764052
1076667
1474169
1680361
1061131
1759388
1077855
1180638
1134896
1701323
2636436
1125473
1010843
1931971
1106075
1037367
1216793
1866079
1942460
2754429
1941699
1406297
1895008
1830774
1916466
1383379
1870721
1876154
2854867
1708773
1088229
1849224
1075292
1064022
1244350
1239699
1772312
3065858
1116179
1878190
1124247
1774212
1052026
1083981
1518336
2881085
1855625
1197352
1134183
1080155
1858759
1665116
1984008
1095869
3202893
1039508
1215752
1117281
2002146
1790796
1614201
1796218
2835546
1157167
1078738
1954475
2071208
1953440
1903756
1137935
3352307
1137068
1064278
1104958
1112569
1892799
1809794
1282900
2578699
1923585
1830483
1117012
1364353
1071649
1730622
1244213
2535650
1183891
1098100
1998955
1933883
1862050
1090470
1011828
2663816
1163449
1230710
1777458
1070164
1828074
1832647
1080297
2407322
1775454
1957286
1735267
1195388
1100177
1507201
1902436
1320565
1980941
1838641
1110873
1420196
1159273
1025333
3030215
1740604
1187387
1771813
1133678
1043709
1834170
2980936
1905984
1068798
1915379
1061418
1139811
2012286
2981693
1046634
1052250
1971013
1901415
1671874
1060537
2406372
1110974
1177037
1334649
1867482
2185750
1586837
2992206
1943955
1036581
1117813
1135674
1758925
1028153
3080976
1136551
1121317
1077914
1109742
2015282
2450319
1945548
1698411
1198869
1369358
1907937
1501026
2230833
1766419
1181519
1459584
1045804
1862709
1933586
1734473
1158740
1084426
1051142
1047818
1793566
2999670
1086917
1475650
1873970
1748411
1456018
1819433
2323045
1100169
1114633
1039212
1887554
1933111
1135047
1071194
1212759
1226721
1720403
1463373
1067354
2644199
1028798
1792477
1562984
1996115
1843949
1075560
1253016
1070186
1981463
1767555
1327090
1212040
2926548
1077248
1914806
1120742
1101964
1593226
2561276
1252436
1075444
1715596
1763862
1873880
1118483
3023821
1930907
1277097
1636218
1112070
1774950
1729426
3187636
1891143
1668472
1700223
1806969
1890470
3196275
1892892
1098923
1056845
1193646
1112232
1827528
1166229
1733796
1796140
1066095
1885444
1897207
2970650
1826905
1149319
1058389
1068064
1122837
1049458
2144799
1147508
1103861
1082320
1133736
1150793
1330612
1035862
1116866
1735510
1122476
1090745
1143091
2733035
1095810
1136721
1047739
2687277
1908037
2084380
2999093
1636060
1639739
1358923
2142934
2064973
2971187
1099380
1078304
1125187
1131410
1124060
1072533
2701984
1823097
1116283
1102834
1939088
1099072
1845594
2016837
1173292
1724123
1723724
1088566
1135103
2701874
1032281
1915622
1634149
1036499
1822830
1096958
2868727
1134652
1164686
1177112
1069061
1066180
2368558
1555231
1820953
1776703
1042472
2046345
1575504
2989712
1196672
1159262
1566434
1053259
1136829
1093583
1895570
1227636
1782969
1065539
1589737
1050846
2149196
1107061
1093079
1060198
1175122
1814921
1155322
2077025
1122865
1155836
1055423
1207311
1266937
1172886
1194695
1084853
1268733
1061791
1061250
1223038
2110762
1113512
1049277
1558523
1059966
2539494
1430783
3231467
1100202
2276921
1917324
1117006
2005809
2430872
2035403
1788794
1040237
1727945
1080333
1810749
2262115
1880386
1454450
1786986
1075885
1281821
1117193
1863999
1074441
1246324
1736423
1895676
1165622
3077730
1808790
1193428
1099157
1862195
1027064
1337382
2433541
1704144
2094087
1906863
1181839
1895782
2075936
1145164
2095441
1040435
1124617
1091380
1126190
2943856
2133951
1543182
1896558
1067656
1575061
1731353
1943657
1043505
1071635
1108334
1177577
1729729
2443085
1202857
1786521
1047319
1175967
1843739
1542071
2718813
1288388
1807571
1116400
1087561
1114242
1153663
1066572
1429094
1094942
1839095
1079667
2084280
2413498
1256795
1074433
1805195
1171536
1807072
1083418
1073011
1075581
1891949
1746826
1950380
1814745
2568225
1024830
1094751
1140472
1095208
2410939
2117605
2751430
1098218
1726128
1087419
1178916
1885020
2326982
2529936
1926598
1043113
2035790
1929572
1092279
2269888
1584320
1970628
2007760
2187027
2585493
1887834
1964151
1142716
1874852
1131046
1162276
1875638
2801614
1999562
1770912
1150800
1899447
1377988
3010440
1324816
1745488
1832360
1064055
1039965
1090049
2355564
1107105
1042607
1086078
1188690
1103844
1035232
2065592
1160983
1278025
1845508
1121939
2170634
2016885
1148419
1058046
1252610
1129353
1082218
1149632
2075403
1142570
1120740
1032691
1818077
1098263
2164371
1023402
1632740
1161937
1189665
1091295
1647545
2866761
1419870
1739545
1533397
1647438
1613465
2850220
1812540
1546079
2133857
1898361
1207382
1914471
2662868
1864677
1656738
1121358
2155297
1083814
2997336
1093790
1792052
1010854
1781406
1135245
1202985
3303463
1942814
1367271
1878909
1065046
1764070
1081904
2848664
1073572
1306496
1445727
1803478
1607284
3323723
1806787
1123892
1185313
1688264
1164496
3057033
1181068
1142428
1072222
2007097
2978398
2559499
3538067
2531051
2625308
1637989
1152933
1774729
1134243
1165226
1207328
1864526
1939801
1155330
1679266
2379039
1114831
1098650
1156345
1018691
1124674
3272346
1998141
1737724
1090242
1520619
1058814
1784829
2857774
1197266
1067224
1296248
1132891
1914714
2573894
2039530
1991131
1290679
1199017
1351187
1052464
1176014
1567973
1037494
1102278
1099305
1544032
3067664
1867153
1774867
1082965
1990743
1903804
1888338
2841741
1864875
1170677
1709460
1952276
1137754
3115063
1859924
1084585
1700302
1028766
1878064
1510301
2328262
1071462
1179704
1063758
1052640
1566590
1898156
1185477
1185359
1797060
1836318
1185998
1048570
2822383
1987624
1880881
1166789
1855291
1796065
1703023
1299751
1847108
1350693
1164933
1833429
1893419
2829477
1193849
1322327
1084163
1827993
1133826
3077614
1184991
1999433
1130007
1169480
1088560
1882227
1067372
1129889
1906411
1049722
1150412
1078819
2792668
1066318
1845309
1037593
1824894
1701204
1841792
2709792
1119328
2033501
1115700
1114208
1557800
1101145
1065588
1044145
1766250
1136671
1816892
1142965
2577836
1937797
1778293
1881978
1116082
1929621
1081569
1806391
1899588
1037551
1057497
1267636
1905825
2600589
1747267
1056896
1255765
1117614
1102892
1118879
2537941
1136938
1420887
1112990
1205718
1061350
2135776
1250896
1138512
1119716
