19791005
20119763
15876860
15377728
53108188
18259586
14708434
24602992
24680946
18679105
15972831
16614245
17391230
14374658
15837185
19498865
18313324
13474378
15246401
19861567
17852815
18018023
16173394
11362828
12595994
14813190
15987401
20032295
14549306
15624044
11071503
19235754
12413655
11561180
14452905
11085344
15960934
14160880
13110144
17515256
22507726
23908674
17273126
20000518
16612779
11012215
17062550
23834298
18467480
17977936
21242388
15312977
18824877
17396373
17806538
22142988
21805286
17708215
23679195
17733823
20463907
17883448
16851894
16621636
18930543
16728338
15245127
15040483
11560124
21614098
28010268
17499145
14062902
20511132
18039253
17287179
11282656
15803994
18819065
15803574
17263189
16533223
19290079
20171510
19335360
11096378
16391591
24226988
14599314
17671546
12636232
14549612
12367357
14142021
22578129
16584863
17155361
15824452
21930407
20806734
15415849
18554386
15096445
14181396
20569912
18952196
17551214
15345208
11800127
12770387
15006944
19282260
22001872
24199919
16559271
13520424
21440270
15106208
11829731
13209946
22421907
15849118
14297539
12902151
16047697
20663353
18306231
19107263
16642412
16800608
15457164
17577665
12068315
16199758
14592053
14223230
11097696
18187541
11679879
12159047
15508827
14464348
16381054
19075345
16899312
16842787
18848015
20717142
16941590
16816922
15279139
20177243
16326101
15528376
16311420
14952643
24406089
13004002
19994697
21376850
21346041
21402634
15624814
16511915
16116717
13549552
16915885
22658899
14047740
16715549
19910943
18788584
14675876
16477101
14129093
15270938
14693032
14762070
16716148
14239350
20296945
17504475
14183450
15263689
12379534
11788952
18099371
12330407
13137019
18702481
16457281
15711413
17187727
17411409
12665119
21886198
22209516
16034321
19867380
17609563
11886920
18149335
17573625
19247684
21498131
11798510
12271754
19728590
15580464
12423442
14239060
15940354
17875775
12358208
15318782
20090560
16937109
20443516
21551341
18803273
14805252
15151561
14714238
11797547
16031709
16934627
23106869
16252558
16681130
18962653
22919904
18257762
17927904
20784002
13569792
11930777
18418148
21555100
19659392
15859687
15631041
16693161
18992681
20524952
16807818
11276934
17802147
17121800
15564671
14581319
15691667
15099169
11577376
12637893
16002727
14929872
17147569
21795734
19476824
52090441
24310810
19362530
20119372
18278742
16292940
22550090
13397719
21192269
16577221
25114453
15325585
18183537
15804642
19046963
18598165
16165635
15719357
16702287
16507356
13098261
17795112
14354229
13300679
15233355
11258304
12375853
11684438
11971638
20337380
25118125
19349053
17187956
21440339
16961207
22327656
14209314
15581283
25272144
17294259
14810171
11833928
16169084
18357899
20673294
16367146
16980159
20814842
14576683
22669156
19351935
14640433
18625815
18794509
14330892
14662453
22128626
17381328
18625011
12275941
16821737
22103573
15820290
19028643
11247656
18341671
21895114
19573674
20541289
14612593
11886183
17254563
15698711
16318801
19126624
15274141
15424113
14348087
16466616
14076411
16019634
15901920
11488018
14767536
18852307
14393715
19268769
20795371
18630240
22548859
18628940
11684564
19945000
19478023
16873283
20665644
14895099
17017422
21112910
16729388
17319384
18451061
15379246
11549184
19825133
19355967
19381351
16960892
14472677
18163718
16595942
18561928
22124524
17721303
15008930
14020410
14790678
15257553
17381181
16955496
22310642
20332038
15300261
18579025
22641887
22413603
17012977
15875301
14732596
12296673
11220357
19283210
21331834
20424096
13405515
18284709
22706309
13742273
12936222
14380113
25122046
14276780
16632392
17379570
19619338
16284701
14762775
17490415
23199918
19159558
14112916
13251656
18046629
18484463
21450253
14548806
14853727
16065000
18249522
16628099
11914059
16740734
17406573
11546692
13409766
15276711
11629441
18587819
22750949
18573498
19811853
17416025
12407051
16896513
23721391
19783632
11794145
14409893
18683432
18762444
14022048
13104788
21896439
19394520
12238401
17246992
19877267
16244156
13607691
11500514
15242097
20303715
19019285
18914375
11592654
14112585
14566989
12709569
14305579
16613201
19238182
19833638
17960774
18443369
14284357
15656702
17134785
20943890
20577541
14984862
12198594
12200965
21822476
45159626
16279425
20504470
16793911
19452724
12716538
22689941
16803356
13942025
16097559
22695934
18592817
15777999
18738453
14864894
21287111
14519318
19273849
16789616
14957573
14580909
11644072
13136749
17065024
19812544
17173749
18171584
19970676
16802288
19102543
16132143
21745052
18998373
21395771
17748315
15673126
13426778
15865833
17800170
20420946
12995856
16445355
18509418
18155636
14717308
16458632
18819580
17618552
18652325
24890083
19565624
41183138
22133328
19138606
17391024
17436588
20751377
13915803
16587533
11553948
20766908
19717741
14833776
21685585
13595505
12224114
19157579
21392674
18555309
19233226
13864184
11637538
11667974
13607146
13794093
13149248
11891365
12453466
18085377
21923883
20857800
14615885
20225494
17111002
13008939
11463210
15176880
11440502
18207986
18330016
18630896
15580427
18007202
15083697
14273251
17684251
17594807
17341536
24056950
14959953
16904606
21630399
27662356
19262022
12969096
23418232
22772337
18944069
23892603
17971273
15190041
17504514
12271814
15120299
18335318
14992524
13914610
11438882
13693896
14814343
14298890
19864241
15916351
18596686
15704312
19175329
18013923
14648919
24045691
18173157
20348121
17496284
14987062
12085151
23352931
22685967
18874818
18236495
15926463
24642048
22094836
13261261
14124869
15647523
16813797
19122338
15814436
19825238
11526366
11143450
17269212
11698433
16978347
16631549
25982365
18126610
20186100
15609159
21079657
13467241
17706848
20463238
16662911
20143776
19607951
21591277
12694501
12948814
11698515
12318776
15175138
17861095
16214183
19779675
19190525
16340775
19663725
10869437
12887688
19979754
16307603
21847159
19197081
22543373
19963964
17438401
19226456
12789830
13800515
16457588
19659160
20334592
17701473
11699143
17188684
15017806
15237264
20530795
20720663
20898520
22371478
15107969
13453689
11423922
15054139
14976593
13961580
15241635
13992811
17718206
18339886
21939796
18507949
15888528
13721406
20768288
20700279
17469470
18937247
23632253
12838934
11038664
15918118
22735023
16393079
22633620
16176199
14290632
13647528
17541792
15377356
17766223
13692270
11693489
15488104
11572702
12548478
17606967
14924795
19329844
20844600
18005615
20649766
17477619
12716142
11521585
19889896
20095514
17152634
11501623
16300239
14989377
20907872
18608391
17392958
20523464
11872198
23158704
16409739
18005083
15057256
16268031
12307548
15233656
14567124
11321855
18117083
20817382
20107382
15180992
22873580
14658408
18230103
17616220
12648299
15333320
20877542
16651615
18122238
19860835
22022558
18637715
19648989
19841824
20829932
22596429
13274950
13488907
44464176
19138620
15367783
17496399
20025907
14519617
19337957
22912878
22429094
16311638
19144519
18506534
21722709
18255002
17454092
24202532
12904653
18533697
20407479
22890733
18923304
15452303
22848680
16637690
16355639
18233313
21802741
14817025
13231705
19698747
15284242
18509486
12501712
17290126
16711687
16255908
12970588
13684824
19026287
19014432
18147183
17366315
17932325
15437850
12370212
10970875
14747436
14908427
11331347
11637899
11645997
18032732
11176764
17502767
16120062
23505438
17110692
16867408
18402423
12767803
16047155
19938094
18643267
14670125
19191917
17723307
19268575
14769712
13121432
18310611
11604978
16130280
16056141
13895418
13672496
13938819
17451858
20061090
14308941
21601029
18766655
22217298
17926410
23977548
21720449
21809023
20706786
21212801
21590246
17397831
12095172
11874486
13297325
22085169
16504447
17459492
15948211
18171381
15817214
18418616
14312603
17903878
16723549
17701455
22209818
20082599
18070170
17547721
19580597
17064465
22122365
11104728
15244056
15201039
15420051
21391466
22256043
17638890
13622186
11638990
18780091
17564019
20446183
19432266
14687316
19787370
15163355
19864209
18694481
15234195
19981780
18482179
11340902
14006940
18216619
18880132
22026063
15719307
17508576
22524368
17878830
17666495
13844020
14143478
15341586
21032775
19559489
12687762
17573202
21399122
24748608
16556091
15093281
11111617
20803111
14762131
16093722
19642048
12461967
14476769
17481855
20907294
23002044
17394317
20403962
15063460
23676582
20935693
14978273
18289107
16148611
16044583
19755880
15830780
18972627
17453216
17265384
22594267
19611453
18292915
17801928
17469317
18228125
15043669
21715486
20406824
17580378
18517160
15479704
19430083
22019073
14350670
18131413
19921082
22021484
11424521
15762378
12738273
15815493
17636657
21572808
23810382
21755041
16317216
19556390
18682107
15516994
18492819
17068994
22004490
16985984
22036362
18147737
17844737
11017940
19982562
15052434
12752598
16564898
17231122
16735265
18971832
16128955
20110422
20284121
20929164
14671373
13608014
19069477
17106587
14883092
18111812
15167654
18523039
17433606
14278760
17357103
14327783
11645537
23480983
