138932
85895
87537
142523
159885
166552
153096
159332
143594
128222
171598
159602
155787
147457
151457
162729
137872
139630
87346
80861
82907
151232
83095
145065
140030
144568
85515
84151
89683
89531
145487
92367
85573
93541
90404
85427
134745
155117
90195
83620
134511
96205
88261
92669
85648
91663
146344
84756
155487
145685
174705
94505
151616
104931
98446
136599
158829
83191
99596
151175
139066
84659
138761
141664
96414
155093
145042
149540
135793
90492
99459
81691
86395
142039
93620
84854
84739
137484
146800
87104
87482
158779
87126
89329
89311
148370
90705
143272
92902
155249
161576
174559
95659
85372
148234
88020
86105
147576
148167
164563
159131
142960
137918
81870
91736
162064
147829
142499
150399
152946
144353
186480
142039
89486
155063
165602
156391
141215
144611
154737
151318
156154
147605
98855
116359
162535
93697
145837
146094
87162
154616
91549
94486
99548
152400
90103
149508
136496
87864
84121
82035
135920
84464
88819
98334
140218
87506
82934
81945
83459
157845
136598
87198
210692
86538
89181
92750
83466
92592
87220
158061
147646
143247
91423
96443
83348
144863
94465
93837
149808
92626
137779
83495
85099
87750
106322
86071
149939
149595
140342
138793
95238
91237
80487
84581
95036
102560
95143
81833
91902
90533
90922
141863
92228
139888
137195
89011
92661
143191
89337
84223
81515
90211
160329
84844
151379
178442
92953
90901
87878
152414
88825
142126
148024
140901
88628
133756
139611
86770
139808
147214
152779
173639
92255
128722
90051
86330
85295
83604
164039
89987
80789
147765
134549
148841
142515
140580
175934
132131
151436
143694
154933
145055
87817
87411
161072
95075
93022
171642
92511
148794
175350
145789
154147
141320
89333
131564
139559
85231
134035
143976
90384
153539
90566
90591
84818
91631
148367
138103
84353
90914
84280
148521
93229
93326
79111
144606
149682
140244
142318
88564
1325417
84010
95418
147743
139601
138815
167815
143826
85091
157871
146680
148253
134351
151305
88784
86755
92236
90174
86670
81650
96387
156677
134531
97426
139194
145522
132554
144564
153501
82016
147550
89563
91252
87417
85119
173527
88996
142765
90031
100799
159005
86115
140590
135604
150577
92154
146361
82460
138504
141975
141327
137570
141985
86144
137864
163287
84424
156460
157886
84158
93019
88368
161153
159001
148440
91326
163905
151477
149153
131357
128612
140793
86340
100554
150909
87490
153999
144481
157762
145523
81614
132724
93491
89356
149566
92469
152844
88495
132715
140197
89642
84138
150537
85108
154411
91197
140813
94879
88389
91548
77289
85580
86213
137642
99025
146560
88104
93315
135817
88603
94293
154100
82161
103633
81880
82289
84588
84650
172272
138242
158624
138424
144153
154506
84355
151460
140908
168673
161270
84792
147034
94120
84567
94713
86434
96302
163217
88588
146709
138713
137011
140666
135229
158706
84656
140652
84352
95321
138437
90200
92434
132931
133642
142224
80142
147334
102453
135020
149458
121679
96452
135989
144456
142156
135916
95056
102057
138654
160088
143018
91452
96328
122129
162339
77461
143669
87457
85600
84955
140912
144829
145993
159117
160477
143080
144961
87364
85048
158774
149507
103872
139492
173573
84785
87210
150803
88261
84933
82870
82518
83057
84837
140062
145707
141603
79797
155507
88840
82340
81046
145549
85028
88454
86573
144308
135022
79939
97907
89080
140813
138451
89716
117252
155850
147509
155555
150411
83351
83209
82928
149217
88400
91061
88182
147133
89902
82594
147245
90427
82407
155066
94539
86852
89338
94320
79810
139726
162808
161497
149139
169265
155155
146462
162733
166326
150595
156790
165213
272924
97432
86542
78882
138482
94230
86467
105008
86140
83086
88322
94997
84370
86300
80977
94348
95037
83385
88829
90184
87783
97829
84971
83835
92613
103109
86341
81061
84856
87747
87594
90973
104737
124739
85247
80953
153947
85312
91896
80937
87966
80560
86371
108227
148634
156566
89904
150415
150055
87146
93914
80499
84501
80889
83917
154264
104130
99630
90329
156227
86904
97901
89719
84741
86991
83885
83836
80835
126185
84234
94346
90879
86886
80648
88566
83085
106900
92459
92621
87729
93581
82100
85886
142958
88328
84783
98862
90925
84955
89113
114620
103210
87821
98642
92231
85366
86453
156615
156946
170724
158499
145662
186376
148339
135363
185052
96767
152273
178361
85331
85697
92539
183598
86335
139973
86059
81760
141643
183577
152937
85254
91130
87200
144252
146381
148425
140403
141145
136435
119350
87842
89124
86683
134611
94000
84419
117439
123896
90207
88088
129062
92763
91293
169675
88249
133599
84086
82873
145566
127387
120720
83341
186183
89811
83328
85383
144582
157733
141122
158380
88423
136210
155448
148386
145705
160910
141121
148453
157802
172922
85233
87753
136709
173180
115777
214861
155663
132709
81215
135543
88160
89616
99621
94149
100614
151592
137027
162121
83801
77196
85386
140358
94688
92720
89231
137626
85475
84767
87838
163765
84591
99716
90851
87384
96414
142000
83677
130331
77721
163243
159560
84208
139949
159434
166548
96655
91013
145809
142298
90345
84220
148011
142634
167114
157696
172939
85708
128885
86534
130989
93779
139182
82061
127301
92133
84191
147781
134116
91034
83410
84315
84872
87812
145108
136452
160358
149839
136348
143453
83789
86239
152326
104355
144577
143734
143555
95356
149189
149046
147518
87986
86240
146687
163585
146885
136370
86417
87209
78646
88961
83701
140368
89589
88964
83781
82983
151764
176768
182058
155903
124338
135661
220136
88570
129319
148558
152455
84216
86247
154571
93470
139653
96553
90993
86370
91785
148217
149978
84947
143026
81805
137231
136960
144783
82323
79153
85268
84804
1251783
158060
137554
126391
95063
81912
142677
83610
141644
84873
133693
141567
84751
89823
85457
100182
98420
89651
82568
91553
88683
142534
94305
86827
136155
82864
145982
161049
110385
91213
88831
92125
141819
100027
87914
79907
151582
151149
89271
143299
87026
98300
151267
83852
83854
88236
137318
142445
80995
91124
83528
133466
144650
95045
95607
84867
150481
141602
86316
83198
157069
140434
86778
147922
113671
92970
86738
82399
140197
86094
83086
141683
86944
87544
87170
153590
157624
88780
80778
142089
141322
173841
161025
136432
157762
146731
157083
151007
144747
153600
91840
91956
104130
88698
96158
156052
84382
140989
87282
90787
84145
86292
135890
142501
93899
162792
88001
89287
167244
147260
142827
86254
152733
92652
88169
81249
153890
131864
89798
84807
97181
79452
83724
85392
153175
84718
161303
155719
149367
141127
89087
115550
157090
86302
96612
122686
147451
161805
95833
97460
147582
82882
91787
92421
99555
83860
94773
143924
141926
98069
90465
82395
83069
