125170
77847
72083
115550
118811
122115
130891
124953
121230
128164
111974
116969
109851
113900
128158
106842
111537
108239
70274
118220
75330
105161
104546
109418
120497
68473
66728
116310
75671
66774
66351
72053
120251
116130
71658
113783
124014
137286
120947
69152
118839
127652
105625
63741
108906
73459
99024
68031
69616
65502
104876
74313
118666
103297
112231
75435
111823
70578
111703
69677
70579
94245
66375
103991
66692
74188
73854
94024
69573
101043
120076
87222
120529
110234
117854
125923
112227
61956
75825
108986
107233
109068
70517
114662
60867
71295
64768
112002
115306
72616
69983
116863
68516
80270
75806
108035
73748
79829
108309
72765
116520
110222
75921
74581
121463
124351
84495
73958
113035
85964
116362
70221
74888
71455
72784
124827
134429
124788
128472
127434
118737
129273
123345
119401
109899
81810
116839
74903
106540
71502
73787
67397
70211
115408
81241
64014
64927
69999
100129
64563
115275
104826
121110
113783
104395
107739
70591
77074
115960
103143
94636
73506
115616
112122
76564
67015
76094
64636
109234
65455
73819
65762
101555
76484
113372
70831
70678
68740
70835
68423
62729
67625
130925
119252
110054
109982
102808
99601
102106
105478
113518
76528
73035
108917
66267
69148
61078
69041
63052
109164
118551
106197
75903
68557
66940
105453
112077
68616
72923
99417
118121
118999
102270
107800
117470
70862
78595
112494
65228
61264
69216
81335
106390
66207
117028
114776
104109
63957
106893
112632
76410
111651
66261
62997
75561
112804
111784
124860
116119
125257
119741
111829
127695
114692
77480
69852
64200
107193
103970
80750
109284
65780
75360
68197
105861
116049
101569
99839
98398
78671
63778
64063
99105
106564
64073
62908
111472
71206
108070
64835
67210
73154
63488
75639
72965
102063
68571
108088
109994
65489
69792
111940
104380
115238
112526
71095
61672
110989
65314
62937
110392
68091
65993
68461
70644
126595
75507
75159
66619
65729
113369
69911
82750
60425
70083
64221
67690
67990
63226
103882
70758
115076
70670
101914
73367
69566
64442
81707
64747
72716
62227
67790
67332
69359
67097
65003
70924
63017
104277
103528
71086
75062
120161
109552
68548
77044
64588
71847
69710
106711
63780
113441
127046
64023
105759
107107
118152
115444
135738
72099
74595
85059
116901
65373
120066
118130
135046
113948
124187
128857
120243
119105
76006
71278
117976
108940
106802
64682
105942
68669
109092
68632
88340
99424
69859
116643
66013
76495
77006
102416
116958
114344
72626
107491
68977
71622
109878
69718
66676
65086
107072
105383
67038
126424
73070
115153
119129
74210
77202
109785
107947
63992
100114
104507
111710
73006
69862
74193
110987
110112
66119
118483
71820
69223
70951
70434
66003
100551
63810
69009
66695
142219
69371
113249
105985
68605
116599
114313
67240
108555
71884
105818
71772
63283
70744
64901
67130
107701
66330
72642
66066
67994
72983
103124
103702
62846
61998
66127
106357
72699
105355
119594
113492
71864
109562
97567
129001
130778
76715
107848
119693
80659
69700
120246
117483
117749
122281
118196
131893
126924
114528
115757
110086
119666
67958
67203
112409
94586
68795
107206
113263
101493
114597
70863
75909
69124
110687
67451
72600
103192
64406
111008
65342
72140
67100
69256
69253
71911
73823
72820
64370
66655
66577
71154
72021
69335
68181
109259
119470
107478
72879
70293
123679
118939
66656
109221
72812
71699
66367
64132
68702
113996
117775
100389
103685
113571
74914
92497
60358
67772
65186
65789
70647
73910
68048
108016
71363
109699
129925
127223
114320
114749
127934
114048
122352
106256
112431
70574
209908
108704
138963
115236
109943
202952
108279
116571
109124
72095
73117
119307
78300
67388
69088
108127
69768
109252
137999
71364
73276
73459
161573
74761
67112
64250
65006
79180
75331
64311
71136
135141
121595
116863
94859
122883
114018
107577
64791
73934
69244
77494
69489
75698
69607
61530
118161
69556
110937
70494
65498
65023
104279
70398
104168
102430
100018
178034
177154
69985
159379
63158
65067
105559
70960
110699
71941
108523
174608
165042
106458
68276
112801
182535
178304
70236
162395
65889
164340
91451
105459
74965
104385
105793
62613
161014
73820
65363
62159
107966
110048
70005
82510
178940
163909
165181
68357
113157
69398
1259213
164482
111093
111260
112417
111840
115040
111267
64573
71484
80679
161538
108672
104928
98210
176309
159385
111601
162566
79415
68608
67134
119593
84791
68485
124687
87476
69097
113158
106765
69030
136223
118500
106227
105672
71388
66462
113213
68978
65884
65429
100962
109564
73734
63688
59460
73358
104573
67026
113124
69811
74735
65510
112758
103268
63650
72471
109172
68014
104088
106553
62975
72849
74309
97469
111206
67738
110959
70860
69791
67030
110790
105989
106412
64435
65628
76216
74900
66267
73707
98321
68564
72075
63930
66150
104770
112858
110107
72521
65948
72886
110986
67748
62054
68848
112302
74408
63433
64907
106926
63222
85970
68052
72575
112369
106953
67634
114078
106332
111550
107559
110783
106070
69501
103854
66037
107731
69486
111022
72614
65034
72525
68108
70489
63677
129815
95253
79365
64689
111589
137437
107741
62954
107331
122898
114869
67297
64769
71321
133066
123310
105150
94768
104464
74533
124699
69419
65648
68284
101120
117404
100926
65438
70044
69608
73321
66498
70196
118175
78464
73111
66437
107254
103908
78095
1139331
73603
181504
108813
161568
73188
165162
149882
67078
66693
71653
159342
165980
108433
161865
79736
62325
177767
67377
62182
63174
70020
68065
111203
65631
64432
72731
100906
63400
71309
77322
69274
67638
76818
68473
69985
71583
69382
66844
66916
64722
72078
70334
69360
72508
64348
74375
67260
67620
128191
71112
133583
66840
68296
69103
163896
177723
102823
103733
118040
180312
105169
110991
68773
66947
105255
107783
178106
117439
139505
162123
161089
126938
116335
121962
187279
98879
115497
109145
120738
72118
63864
69501
434137
122323
118320
116351
107018
118694
112917
115332
73209
68579
71877
118477
68212
68965
160018
140054
137230
112947
123639
105238
65174
62763
130744
115798
62661
138176
75095
67644
68576
65113
142877
71758
66484
69318
125829
68888
132541
67370
70519
98992
64209
71551
69412
111321
66090
61676
112135
72025
74572
111971
109265
114658
105684
64526
61571
65353
73877
106285
103435
104672
109133
105920
120049
118257
66053
72237
74624
110519
65007
73092
67408
117663
100125
68376
106898
70417
70320
69815
76594
69622
1731212
69847
120750
108493
68969
115651
66019
68768
107781
65627
66293
111691
103377
112582
66828
65916
96276
66456
106575
86395
70066
72455
72464
108756
117336
68150
112393
83540
111246
116872
108961
105033
113818
123670
115884
