1481651
1399418
1454201
1470530
1171282
882523
968819
1446790
1455628
882205
1445243
1178838
875581
1462569
932090
1399915
934020
905967
863875
865448
856334
935703
994635
907769
875919
2185449
904304
1644566
898683
871213
864644
901307
931917
860512
901305
898306
1012729
1288802
875114
2003176
871724
963394
1496741
892728
1167904
852915
1311862
1278579
1198122
1361510
1271591
1283241
901779
909287
906988
900499
882532
896699
906516
884182
922455
856606
897056
929811
977370
974777
2005135
865823
2268379
907974
927654
1385051
1030774
918530
872119
865986
931363
981845
933560
899020
926587
959311
870749
893301
945125
913302
848047
875471
849579
872893
926658
1022417
1120277
954640
1304384
1049165
931308
906222
1047583
1577941
962033
906102
1702194
931385
1285997
2455265
906284
1326190
1682285
1701752
857142
1006395
1388230
1285287
1312671
1295114
1605801
1368060
2584078
917789
1464894
940013
1307271
1284862
868346
1510275
1074647
1042643
1407215
1067665
1435999
1280827
945364
1342307
854806
1606959
873252
937686
894711
1433376
915517
893680
1450498
936265
1096321
999343
1416097
1384893
924706
879314
887178
845539
932762
947220
903418
914266
913649
903535
935093
910740
1262142
1581073
986702
843337
880173
963339
873067
940394
887090
964681
870045
1045350
1236111
1300388
888058
1044092
1556430
856001
2756558
921242
1362534
1430177
864579
1075466
1519082
1422095
871712
1547078
890138
1430596
1348042
866670
886865
907700
883814
1039481
1394593
932733
951117
1514982
1441664
3365709
1341633
907368
1110928
1396903
1185501
1449142
896577
935390
1099396
840507
3326400
910341
865616
923131
894431
1474553
1190639
899894
1434505
861920
1232972
2818971
1543827
881715
1103782
908450
869664
1398085
1422364
934869
878324
852046
1448429
967640
1382433
1382305
1011763
1465934
894817
883207
857841
1460843
2281807
858994
1374691
1477734
1170259
1501712
936971
891671
885421
895173
2233056
1368413
917820
987499
932777
1362395
1697975
901365
1524575
889043
2495254
905412
929324
881952
891453
1009426
925075
874422
910322
873695
2507202
920398
997106
889473
886038
930217
887551
1578036
1333880
998500
2802847
1699709
924568
1283983
1750659
898111
1477565
885921
1366835
1496774
2875022
858602
1459041
1415367
883564
1446104
1532198
1294238
897827
896189
2216250
890713
1425476
905629
1473370
914602
866029
1401910
1737817
1385711
2604148
924471
917350
887671
859172
1493012
964394
1394847
949533
1426238
2755478
915354
1382339
1421730
1375550
904717
1436138
1264757
868281
1425029
915830
1432700
1638911
1426716
882996
892689
891241
926464
901268
938903
861682
878430
977120
899179
948344
871962
1369719
890918
940358
899266
931348
1432098
2273199
2279249
1883702
1459731
1279787
888621
1453511
1388423
1402123
1742157
955932
908814
1384529
1212592
1440315
901735
947024
3002621
943121
897669
1460779
876161
944581
859758
952395
1168447
885235
2034353
938097
1327293
844557
929862
880943
846198
1441737
1142896
1613168
2782875
1451748
878131
1471765
1401829
898463
948817
1398022
1321248
887592
2616641
1439828
922098
1288270
1277235
1420503
866641
1582857
1246149
1458106
2804034
876783
1016208
1399724
1440568
903568
888068
952918
886566
936841
2623408
923697
1372259
1494040
939245
1423767
882048
881595
1252603
1417935
2638288
886188
1354086
1367272
1447214
878442
1429211
869092
1318598
1441024
2739579
918029
958297
858518
941942
1403745
962655
856508
1605589
903485
852479
1064425
877447
909285
938952
1148743
1464904
927390
881188
881463
2809513
1099168
905783
920799
1263248
1299646
848991
894439
1594789
879136
2749757
1389609
1348125
1417542
1370314
1166352
932257
932128
915276
888092
1320251
1446622
1465803
859595
837584
898042
1494807
930564
908126
870494
2795398
1002963
938672
891986
986377
915603
874790
869754
1486267
1409566
1376953
847188
878538
919753
1309898
864872
949917
891871
1405677
858849
874659
987059
891510
1448096
1460939
1419619
1322629
1411338
889234
1485788
1290628
1508521
1482329
935142
1137190
979316
1211320
863041
904015
1065192
1036155
1331958
882726
943153
869863
982998
890166
880204
984233
955098
901321
899550
927423
907257
1357249
2068148
1402244
883451
917921
1569543
868087
1353750
1467544
1432513
899627
849120
839383
883186
1353753
1481429
1380982
1116487
860195
924101
1083721
915844
871920
1422596
887372
855944
888818
1396268
1505004
970805
1180404
1385986
937877
1404578
901865
1337481
901439
917172
1563305
1463732
931200
902774
1118554
854879
1208056
877102
880257
1434685
1472439
1055474
880252
899812
874028
1276869
906723
1100863
898912
1611702
1409212
1706084
859331
903094
942083
992772
883244
2030479
866692
1123957
941125
1422341
1443872
886567
912462
1665350
926020
2189806
1561321
1423081
1256514
935781
924261
929826
973954
918173
869041
2011819
901982
879747
868125
894262
938844
915107
863409
884189
1272618
2411878
861314
1031039
905472
869408
1089149
890824
915263
881292
892875
2023886
863116
886693
931083
995793
894714
916018
953082
1176533
1483811
1995099
900164
1413015
2198202
1686739
1373470
1609028
882913
901907
940624
2204503
1571518
1301823
2067637
1351951
867445
1441818
1350582
913263
883514
2692078
872675
1545157
1402403
884253
879975
1391025
1544400
864634
1448342
2270477
889557
1397779
947467
1440114
933988
882410
858770
918330
866554
2033415
1237592
1382684
860451
1389037
903861
896335
989212
884662
1076961
2501705
906027
845002
1576820
1586389
1667612
1485702
1343735
1662372
1407363
2571798
1643116
851109
877262
974771
1408976
1468743
922608
1403044
867010
876170
1350160
909248
1006443
1437065
1390957
1384285
838149
926014
1343817
946268
904503
1420964
1447069
1181537
1429273
910946
941875
866870
1455719
1428017
943083
1391391
1137585
903480
950234
1347326
884085
914216
1054847
869329
1397727
1355892
1401281
1579849
1505432
935036
872278
926558
988674
1416110
1254029
873663
992580
1357292
1400659
1157524
1527305
887357
1382650
893745
1338722
1415805
1412231
915594
927633
892271
918760
1441318
2149495
956154
908518
892453
870279
945496
909388
995415
855418
891526
2724265
1515889
984012
1475809
1073400
1550500
1113967
1675050
1393308
921829
2794405
860285
895679
874276
1528295
878305
975108
860452
1278039
911355
1961617
1371372
2222535
1430779
990084
1401380
1777152
1716273
914612
1480706
2491630
939832
1482817
1352210
899761
894728
1381027
1197546
1388967
1164914
2813509
875467
1435015
878295
886263
852420
930514
855677
896024
888980
2679163
917072
2113964
1330503
963839
1459145
1094881
939369
934745
916016
2534099
1580042
1324762
1536913
1734599
1407960
1316374
1394154
1204709
872816
2780920
1399221
1497444
1016373
1541340
880966
910888
1419848
1494533
865529
2309279
881811
854588
897503
904406
952063
930295
909919
882634
1357226
2630778
1345822
1267688
943975
1449761
1367800
1428811
869995
901661
888698
2133228
889138
889090
850602
892364
870420
907543
844394
1364995
1745127
2809375
894271
1336957
1231938
1582399
1116559
1403007
1250150
919819
876227
2727028
880259
1016072
926152
1423296
880984
891623
912718
919645
993529
2590384
1366932
1686661
904963
1317066
877222
1372098
854954
884067
866995
1999650
889206
954295
1345763
868849
1410104
2265569
889526
1397600
1723077
2665958
1172545
1429465
1074642
1409932
868808
888124
1374181
1318788
1287268
2779274
894124
973095
866790
1417798
1445085
1490631
961777
882054
942616
2532768
1345242
1442846
932371
941472
880921
1388029
1442189
1275144
1551845
2796760
899207
909328
897319
885164
1440328
1302534
1441225
890799
885593
1448703
1589104
880374
895185
876294
1109979
1052036
1406753
875189
