124998
123209
185874
204197
213197
200018
198959
195952
174419
187523
184014
195478
189970
180971
198607
126119
188251
170225
118560
118048
189137
116407
120111
187707
124255
188279
119180
119391
119161
186043
185107
187625
117511
169709
118435
193949
190311
190287
119084
187358
183463
190349
121331
191076
204313
184645
120852
179855
193767
120494
120603
117501
189144
119270
176378
201168
197231
193631
167634
130241
223239
196672
189828
187072
188677
123501
117091
122937
117312
181773
190839
119666
1393508
190963
127538
119848
123029
119109
151959
182035
186651
114936
118796
114799
122696
123201
119029
183553
122537
195767
202348
191385
139124
120907
121296
189128
183877
142428
193347
185172
117358
125782
192561
117650
114119
117335
122139
187692
178248
120922
187522
186028
124606
116435
118217
167600
177990
199344
194056
202647
199539
194550
191733
185829
200943
122287
189939
121708
174802
196971
119447
121886
116167
119289
186584
185593
188436
123089
117269
122149
125855
188508
124035
116069
185930
124154
115562
183248
119997
118583
182977
204945
121042
118365
189582
184441
193715
188957
122305
197049
120278
121989
122630
119049
122733
199093
191867
186365
180802
211379
129343
120177
187674
193501
186647
192607
153318
203846
142951
187313
116378
189007
190447
115864
120517
189025
191673
118878
187377
119330
182579
127939
120973
121579
185121
121002
195466
144969
202653
194626
118493
1387517
183364
204801
192617
181372
182562
123252
187987
117961
121925
190949
118236
190877
182996
197456
119559
123821
191675
118907
203420
190284
199225
199104
237752
201552
124682
185547
184768
208843
199353
137814
118570
124908
187158
116493
117496
117135
117556
133260
129275
118358
118941
119555
127249
119322
117995
119454
191809
186645
114278
117960
114077
125227
119922
197720
118011
189240
187064
130394
121987
118789
114899
116730
144233
284136
244295
118789
121730
117205
122936
121967
120943
116933
121599
117230
122345
120356
115242
119774
208013
197119
122236
122593
134938
124579
181799
200457
120303
191247
123175
123167
163674
135632
119526
118556
212542
167728
117773
118802
124300
123358
119469
119833
117909
120155
116610
121813
121037
121657
123212
117309
116367
122001
117914
125593
117511
124016
123568
149777
119054
113833
116470
119545
123735
121186
114475
135802
177427
187965
124384
186026
196868
122341
116555
126792
186480
120120
115206
197897
121277
121759
124111
118552
120871
122879
197119
118479
123021
118254
194957
122179
122705
448386
202702
204650
213777
218486
120877
190859
197499
115478
142791
122780
133283
125645
119440
124164
117327
123112
192400
186740
120196
115946
120843
117113
128543
121332
125402
123625
120402
116598
168314
117116
117680
125557
142973
119150
117186
204036
115939
122317
200536
220353
118010
120076
126144
152442
125369
187826
118850
117672
118356
120847
271525
142519
185396
292475
180725
298363
173709
127981
263104
185946
196619
274500
191124
265336
179326
125814
296578
185106
285994
122104
173111
233339
121172
115892
191912
238422
126301
195132
188014
227076
120823
120006
226502
229119
123228
191400
224519
119236
119429
116492
124014
124723
227815
186410
230498
121862
224722
196506
124771
116534
122456
199521
185037
202659
148184
189039
185195
182871
120679
168838
204604
197090
197589
176517
194344
162518
192875
188516
119917
121973
229286
193349
249052
115339
128942
229956
240411
121952
117417
189260
191350
182549
183337
119247
122327
121114
126571
190664
185163
118252
119539
205472
227241
121666
189717
226175
121922
137773
121369
197477
184921
171434
119135
173512
231535
189135
240734
183264
220914
123781
120684
192601
134104
169146
122180
119795
185352
205213
123308
118140
125889
118262
183384
195207
121094
121568
117641
116925
189019
183001
123481
113827
215694
189385
215640
113670
130138
184674
117990
189680
123714
191117
187393
114953
123232
116404
188939
125183
113969
124460
118542
118106
187547
121682
187667
193454
188407
117783
120825
187190
119560
123557
119656
191162
182116
122078
118789
121244
122533
118866
115951
196192
205007
207031
191401
204834
200663
203862
196072
122142
178708
127034
121830
182477
192496
120808
191324
116482
196618
122780
121088
120344
251798
189894
121788
121944
187357
121043
129794
183766
191830
119613
187789
117227
191964
131067
184072
203034
118958
121458
119128
184822
128171
119826
121975
117466
119951
122128
119227
201236
196576
218772
114894
139329
120093
115646
132291
191478
122164
187163
123712
126009
129943
197389
117750
116636
125592
125774
117141
114279
185707
115707
117374
116193
114243
185432
116846
183627
121888
125593
190678
191006
184033
191133
121145
120395
128003
124146
118143
137182
189005
116123
119440
118935
118441
121042
195267
159027
184892
123757
123210
117944
189952
188360
186690
210779
187809
185382
116459
119383
120156
123262
192519
188272
124526
115363
191709
116437
190505
200900
200483
1506592
193884
231730
186658
196652
184061
124339
117298
117619
118533
124085
117089
189583
189656
187221
181617
119265
122631
117701
123891
122614
120683
115715
189554
193793
186640
119370
115673
117176
117549
125895
199667
116213
188444
187755
116262
123498
118033
191505
117052
185382
181371
121163
188423
119312
186282
205832
129609
118410
193493
195365
192113
116091
126883
164590
124863
183834
137959
192238
196754
171678
121893
182799
189162
126431
118074
188554
159409
124595
190942
117461
190594
114734
190422
126932
116812
121563
186144
121448
186266
189662
188799
117677
117122
186944
119440
116070
117485
189818
190775
183493
188572
171104
117125
117628
167914
130177
125426
116762
198554
187982
200924
120805
118502
122332
121826
121754
118773
207698
209016
125370
201907
195731
189775
200086
191904
202669
191592
196082
1553292
203598
188211
200293
194970
118219
196718
193951
182717
127295
184521
182999
188468
185448
196493
191647
161918
128392
183207
119810
183841
192684
152718
120409
125494
196049
183524
118250
124075
144221
120782
187315
189435
116511
206631
138637
117045
154653
203816
134032
121549
121015
126743
193295
124524
126829
180367
128456
187849
127828
187859
194232
119859
160800
121792
124320
137592
118572
202726
122574
118896
202414
195630
119945
121955
191686
187535
186935
183735
119821
190953
187426
191120
184794
112208
116859
196824
132458
117177
200582
122299
120412
120381
117142
193605
190935
120968
143446
189996
192064
116828
187786
116952
120044
190876
170390
116334
187715
194393
128374
195363
119151
199936
207066
194667
183873
196391
196060
179182
185222
198328
198121
119841
184385
196888
190950
117433
192935
187655
122782
183831
119138
197508
120147
124402
130386
118782
186931
193794
120817
122762
114727
118713
121699
174480
168621
189450
191011
175275
120284
185643
181381
190382
122546
124650
117972
136865
223539
124231
182952
198379
127146
183358
188089
184109
184223
167870
190513
186153
192414
132976
126176
120626
189040
191499
126350
115536
117471
122538
190322
187833
193689
118532
119016
186701
186424
188896
114737
187819
188793
116842
178080
128072
120615
124973
121175
