1415451
2267433
2243070
2084515
1935229
2183753
1421564
2210874
1499462
1387332
1372666
1370369
2182382
2322214
3613967
2037320
1933351
1409982
1543780
1857741
1405203
1384388
1398617
1544762
2141362
2234607
1579077
2043508
2203743
1891112
2080677
2223515
2191500
2204001
2264266
1962317
1411029
2220204
1672175
2273447
1379734
2128256
2072061
3380914
2257137
2138547
2199806
2235825
2203781
2421190
1411097
2215899
2242867
2028143
2299246
1428076
2100699
2095145
1681595
2265491
2310515
1385729
2903538
1852512
1389176
1534378
1419612
1428709
2273159
2163819
1409857
3621943
2236620
1447372
1571727
1395684
2167403
1826916
1641871
1377628
2226645
1441527
1633793
1447124
1373203
1430477
1428619
1408739
1477344
1422006
2233562
1470883
1748706
1454019
2108179
1406859
2330761
3003124
1953287
2017294
1424928
1432391
2271240
2216879
1439638
2484528
1931393
2623874
2133119
1403814
2310009
1423560
2273792
1912294
3598679
2201083
2555818
1410015
1658245
2312512
1865297
1436266
2245955
3669481
1393261
1412542
1750452
2260231
1414669
2511256
1818362
1456305
2178719
1495271
2201428
1402851
2174646
1393349
1383513
1514574
3669550
1373784
2248228
2206653
1377517
1399823
2182215
1997392
1788988
3495627
1407780
1630962
1415332
2212661
1376161
2325901
2088417
2227657
3648551
2152068
2241159
2266592
1397048
1852431
2074179
2268547
1424494
1429552
1377471
1516656
2387608
2236706
2164536
1398165
1383645
3174812
1417153
1368438
2303674
2339259
2317516
2329405
2239710
2260997
2573405
1521660
1406167
1413262
1898222
2108207
2246571
2219821
2300062
2774623
1877417
2640688
2119799
1398827
1396286
1392771
1415270
1401456
1686252
1380376
1393042
2266289
1398466
2191152
1527217
1399887
3220801
2186625
1445312
2174206
2234438
2168195
2175588
2150324
2224963
3279812
2048476
2001765
2217621
1513842
1381619
2283422
2256672
1407840
1933609
2313583
2241722
2243121
2264775
2211186
1423007
1429786
3112245
1949575
2177600
1406534
2349565
1413574
1806443
2209642
2193080
3564180
1696689
2210474
1433317
1379531
1436426
1403247
2205545
1453235
2168942
1746466
2237137
1412092
2290153
1493767
2385122
1882722
3059579
2129815
2016423
1845986
1532227
2243060
1403434
1411390
2286456
2820374
1436416
2198500
1390391
2129599
2314979
1431844
1384283
1387281
1609041
1944955
2253696
1430207
1722452
1365954
2242578
2543536
3690343
2256301
1886339
1850150
1535539
2262838
1491843
1421226
1513033
3419807
2249665
2264882
2270869
1475148
1415463
2203000
2248861
1394747
2277081
1764285
1782096
1483013
2068562
2413510
1360537
2478102
2836876
1399351
1366485
1991759
2339817
1777011
2178056
1757232
2132569
2895852
2174538
1390503
2233695
2254815
1452473
1482001
1361716
2241414
2729411
1419486
2261004
2179804
1836596
2077185
1840403
2248521
1745628
1690349
1413711
1423242
2218425
1394010
1792934
1395990
2355196
2700518
1406245
1379656
2551994
1362114
1477810
2389286
1399846
1398643
4987498
1407669
1455379
1691856
2282821
1375331
1362113
1463838
1485153
1945903
1416645
2171688
1396324
1387787
1958352
1477325
1420613
2715878
1373541
1413791
1391087
1360245
1369303
1462442
1397237
2335375
2777932
1529541
2385736
2323536
2239311
3179425
3221531
2191169
1410041
1423543
2028892
2049909
2282699
1421039
1377220
2220156
2220760
2231659
1407585
1908169
2244358
2320533
1786674
2196517
2332325
1400496
2993716
1372919
1410250
1403961
2204474
1369455
1725253
1409985
1422974
3699298
1442370
2232326
1399514
1460362
2108145
2226549
1412720
1634919
2082340
1890139
2431495
1658828
2154021
1393369
1398381
1393491
2721593
1405168
1398313
1409642
1392882
1616544
2435083
2205993
2305642
3288939
1445855
1379628
2294018
2222614
1839279
1750182
1437824
1542663
1518182
2211828
2261248
2165974
2260340
1423190
1391201
1408660
3276447
1389746
1357438
1373471
2193075
1830348
2333981
1406443
1394613
3043197
1417644
1364955
2211331
1732175
1403633
1836107
1983747
2236534
2268866
2207563
2326467
2311140
1436046
1369797
2207667
1407603
4015627
2222865
2253197
1479867
2287182
1612069
2248107
1396965
2252245
2999846
2206607
1406688
1381887
2234058
1496813
1429453
2283110
2227418
1411370
1916590
1634269
1452485
1393172
2214904
1381496
1403467
2941103
1474491
1466814
1701711
1823226
1380127
1390547
1418296
1640825
2522328
2221721
2249613
2212186
2433985
3071468
2268213
3243767
1369840
3196133
1397099
3320462
2188141
1360245
1367909
2228958
2381833
2921578
2279030
1417420
2247325
1756567
1878751
1473958
2057910
1450656
3380587
1717095
2374014
2257043
1411041
1696404
2199873
2259793
2181402
2199906
1383674
1403829
2231288
1397763
1425657
2244253
1613492
2898612
2196383
1377845
1505228
1505768
1393601
1413664
1447017
1496278
2838458
1611573
1428029
1377241
1418594
1389286
1425105
1391900
1379852
1376313
1372269
1443276
2858519
1395050
2235237
2188845
1881049
1374069
1413805
1380162
1748119
1646977
2213799
2249029
2232151
1387244
3715235
1425411
1399223
1390156
1695400
1650288
2295682
2256075
1437788
2239951
1446182
1430446
1952568
2222817
1423809
1468017
1438131
2046009
1512150
1439225
1409991
2312562
2132142
1518692
2469160
1436131
3337440
1413184
1403098
1372666
1363268
1378939
2190480
1377399
1397038
3020756
2170845
1887431
1382695
2189445
1762822
1421732
1622648
1407244
1401437
1678194
1972204
1379313
1655628
1487727
1412615
1449497
2736646
1368578
1398467
2863576
1382923
1993777
1826719
2173146
2193273
2827169
1435775
1398900
2217095
1422378
1409631
1377145
1410980
2214899
2034129
1359366
2218015
1580844
2209011
1844926
1391422
2255531
3266688
1418950
2078404
1363047
1378300
2226639
2309677
1402088
1637512
3569656
1802833
2244810
2280664
1387549
1409444
1405971
1863896
2229826
3407786
2237502
2264427
2220338
2688163
2645893
2294929
1377594
4485599
1376927
2144411
1374168
1383006
1571023
1431760
2240131
1439826
2850008
1414971
1893500
1406291
1418677
1376023
1421980
2232261
1378514
2502228
1674467
1418832
1407658
1386359
1372712
1411013
1392223
1374089
1407961
2223797
1466240
2240375
1415435
1375236
2243740
1401384
3084715
1393844
2751954
1467452
2487788
1415043
1806166
1880191
2199997
3700336
2715668
1474529
1368614
1394918
1781138
2203506
2182950
1352583
2371824
2255821
2261122
1422211
2213434
1401424
1588004
1384618
2959647
1492314
1498657
2199182
2267731
1402837
1908807
1390849
1420348
2639926
1391273
1411943
1414041
1694842
1473894
1406654
2873195
1907601
1377996
1449767
1386165
1385497
1913055
1407061
1451153
1390434
3137138
3429460
1420783
1399490
1644556
1849872
1454585
2329695
2345372
3800376
1503911
2217361
2644759
2226047
1478953
2044521
1925808
2035411
3111649
2223149
1526630
1834699
1379178
2212811
2163992
1419475
2209249
2204464
2083920
1814387
2158716
1798254
1404315
1411602
1489755
2967174
1357053
2270517
1438193
1483930
1368256
1546542
2239667
1378435
2546799
3041086
1417129
2169592
1414153
1369672
1444430
1362735
1391523
1384105
2009783
1406199
1438365
1476269
1553322
1374548
1488667
2585967
1370970
1442492
1423295
1458520
1443924
1361315
2096715
1450045
3076780
1402168
1629593
2009727
2219704
2214585
1396812
1478843
2234977
3268036
2064857
1390215
2302268
1407099
1409489
2400219
2213875
1372518
1414137
2104617
2180652
2167200
1379698
1376042
2041738
1451366
3399096
2255550
2220700
1365409
1572366
2400705
2303208
2230139
1366553
3568216
1456785
1400690
1623610
2301979
1383387
1382394
2240303
4747091
1488965
2235873
2219339
1388237
1645977
2236910
1732185
2229237
3178512
1385855
1403258
2226614
1401490
2022860
1378394
2269299
1414621
3531568
1408041
1864799
2230853
1389173
2209310
1374398
1717574
1411480
1580092
1418824
1400418
1385121
1390132
1410766
1376000
2114751
2902620
2302018
2256948
2310758
2340549
1370685
1451560
1406881
1724916
3596952
1381909
2255926
2100359
1394513
1519774
1461312
1409655
1383358
1398191
1665047
1407657
1411641
1439876
1432904
2199122
1905080
2639289
1393201
2243282
1465626
1369843
2221696
2186029
2233873
1407911
3159109
1395509
2109732
1399520
2617067
2532618
2178874
2646212
2281706
2649300
2604026
2269584
2143900
1434989
2254825
1869952
2136150
3610170
2261799
1466624
1431575
1616721
1387961
2223337
1358593
