283298174
265916351
297878609
270706344
243793208
273640852
308478221
257323464
262942722
255191668
279450154
272571974
270325179
243074937
257282505
263298320
286536444
288631265
267794861
288274742
257975874
257507752
275262119
298912832
251213783
234957655
221433313
229285054
268933704
226858994
253797804
241417494
266796893
288073498
279979348
282898067
263715638
277915933
280057213
284420266
273968867
289776983
316368199
273534598
277077290
259171256
289309022
221133113
235664546
243965933
321131435
254978318
248010735
276205359
278229422
268387574
270698684
226396106
326312180
554582672
249674221
237263250
269169098
280266859
244342517
247214732
230952829
246535122
269747654
282136787
292064933
233516326
233481066
240267221
237402833
274310382
303657912
264281240
260201862
277902355
273168273
254826809
326636638
257624043
271916355
245406021
248012790
287535720
301349080
272245701
265572367
247584824
258270876
277618283
311939912
245980668
254766678
257471170
255448385
278394163
239872694
250557019
261039385
250560335
279868245
337002456
230171222
237436639
229503272
230375191
273594348
320080786
226979112
245093744
233554981
235445339
252223923
268260964
332183546
275912267
276736313
266322801
261762625
509032702
298896671
277739439
238254400
227408236
224752735
278187690
263053751
272200372
277440356
272871048
280770874
268798050
263394693
261267625
280841566
272805847
278475922
250625713
261076464
320847580
240458989
282433304
273802824
273095107
261356289
272720416
288833233
259026764
279626332
277211759
268795004
264449303
296629816
279032449
238176745
229382110
223293563
238499801
260504507
270241430
265806987
285073171
240104387
268843516
304277675
263875175
282212231
234054460
284915756
299518544
266512880
297127695
287762064
282751699
262360897
251182458
226790016
245911371
293323845
234468362
224445913
271247655
301347840
241076571
302381270
236340869
246912462
284167949
296801351
240712158
288223113
265133208
245283774
229673513
247100728
276455168
270367957
268396894
257984718
267261077
275936468
279061388
262980100
270199672
246143014
254331829
267581472
236199799
233801801
237246243
235473361
316920292
245436001
286347854
273152544
273082217
266953164
289923364
284196923
282149126
251246505
265273782
258411402
250256863
268766900
276708746
347233776
278924401
244432154
269936798
306592254
280284934
293142433
244101475
280924612
302556311
273953808
290387961
272578719
237439702
233579024
272190829
275611110
269277999
269510157
279070822
244014589
238651736
239948644
272913472
283542256
268839029
276326765
239420086
282813169
290783402
265804833
265597223
342612413
298713035
232472656
231198168
262724543
295704227
276582613
255510607
263726347
256549888
275023893
263830079
265761028
241877783
275759671
290685623
470714453
305616333
293765107
243984801
240911905
278179547
279526711
269528601
248183357
246653750
231612875
234106542
236120985
267295400
224427892
230602203
242347996
288895189
293349673
264858384
274115599
274647406
257265913
263127198
264210236
288866176
303922563
252443153
246545657
313033078
240416066
237888139
242495754
234558673
272662918
275537779
255632619
236649295
232526282
262668695
301783704
244313255
274707760
268744864
264593674
274100588
254405074
269381022
276957892
321340685
251193256
282924670
246684185
239400832
240672586
218783545
246001055
273846350
272974636
242045848
261396401
300529850
247066342
244128924
284559728
281519942
576752438
299021004
261795223
286512877
262347500
301643318
249435937
240227475
289434917
292026521
274682519
264838830
269841603
265253764
254230637
261481755
279738751
246322439
228148479
261888332
235269361
269689577
294045363
270547055
259542626
272947687
267772240
324999493
276703969
258924021
312767853
240672126
277041218
289955127
287929660
274613403
246712767
281818069
296014610
279532770
232057269
286479297
271395021
248443849
226360445
286632540
264006923
264132907
223350732
229478296
211314725
238976699
237409549
235588436
252917858
209541768
275751436
313864502
258297602
270869543
300488645
569447648
272007581
248252501
286464063
247848258
236662715
252085833
274549966
281996918
284387429
241244614
250462773
266431167
247309378
236924702
291413051
267403795
259396643
287562461
219627838
284474700
262042065
254740326
238136680
260797236
237621168
260005981
271006265
276347012
250170335
279185864
307619076
262211465
265404823
258507799
258367484
272696483
274574695
260047235
295518247
277740035
254912077
275748775
298200906
294460595
266935537
244817236
247583672
264704713
226505928
237590062
277264568
273810813
261339589
273597288
258713551
254280933
266179278
263261062
276258434
283097291
270434078
233234293
264419096
292940969
268575410
254471095
264340105
229352564
250052515
247651199
224330322
280414168
316947499
269308965
278384579
276685627
256147529
249619227
235814157
234362539
264825261
252919806
257797301
324778438
259429644
300037357
243294076
255233215
466697372
244312697
244433953
234200025
228227582
304317872
280131801
276442070
267269547
268666814
274084746
271526739
288214233
268745275
290518360
262515029
248111295
269838302
284503872
347983699
302454145
232892451
230377249
226425478
266983560
225981257
249011016
296541014
262192534
330898336
219014071
234550367
239752402
250291274
200565330
232953296
287854644
313923646
305232381
263031356
271651988
289416972
298989471
246969257
284479556
230881543
239086525
217980058
277836751
253626990
299576164
254952161
281655275
274284598
265049800
253244580
266370982
267399132
258977939
257405044
240690481
241916911
295591659
309193703
502748669
288111069
296609017
283530632
279134002
269910833
299271380
225099451
281777139
319264258
234984131
270110724
253690340
240891700
254511623
220697216
218383346
256512708
257039560
230684010
249301237
267606676
255779042
277966783
266005984
260999314
266699773
293443024
272808186
276703512
257483408
268305286
250510074
267999928
261040312
302344969
248985775
255506784
243989844
229286381
263068417
256539235
263531166
237423798
226598241
247048781
234572848
272184496
305313160
283605815
239809418
259205505
282560478
298566474
248432175
260681450
287069711
241219546
241868844
281333672
263180054
272956672
244014241
242012892
239206341
254708474
234425304
259843171
259771353
239176207
241261891
234080627
281588530
304026679
277446532
277785156
275681936
254308540
262219720
253173924
498281261
276516565
299827351
255961981
286980920
234530838
243919724
272744827
270090770
265903388
233073011
251881833
229661356
270772961
298923810
260725486
267592341
275029644
277553663
257533035
261428319
271994560
276706102
296548908
281155701
244680614
260084720
269317652
287924210
254923800
296658689
274557639
290747158
243780783
243802601
261308096
281810861
253481396
261482090
290272338
248767929
271034638
278688133
246873322
228241582
327182617
288395087
282694049
239040834
227907319
270184611
302191463
234662605
251471452
265553919
265698575
261989320
243086683
245659884
230240074
224514689
263831371
261621451
259147459
230842439
264431238
500710281
262301122
245475232
247070128
281792553
305620688
261579618
256207925
262040280
267579292
278966621
302373558
280846271
256852810
286608450
286449958
283287901
235902997
229328781
232423301
230176444
233987799
234819148
253974390
242429507
311433082
276836140
280494547
264430330
295439461
268925013
244020781
231725457
270385573
313643975
276814806
233567069
239624493
282149519
260635626
284087390
255482048
273003878
281300670
272866560
226580737
278504019
313233113
297766357
243565645
230272821
252140529
266803131
232883736
289845306
259590711
275344502
264995216
312521848
228105567
276430648
293336743
296995644
287198374
268832148
263453685
265001266
383410182
264449413
284351542
267161151
223319261
315279712
255158757
229773332
283086160
265425585
259242354
237560276
224648459
228228894
273950770
257526136
275459721
243680537
263336793
272472653
262375208
281118482
258992550
250747259
266078695
265742221
303715052
309286796
244670727
242300374
271649800
261210008
298140616
259432563
274966521
302491858
222797484
249983291
244638572
238171524
224305336
262765646
233896740
229351412
278640811
284117082
282418208
273299501
246856662
256639270
279140267
266720821
266082600
268586632
311136955
298040355
252724703
271877338
231419278
235573957
241099191
244264990
288417571
234117451
258096131
233757321
301522920
301136663
269885899
284800195
274786117
272687679
258688257
246933012
270317502
279136668
319465140
274385565
294279068
268272504
299905399
213722792
243723556
267629451
475706031
320132931
264247211
247767923
238283865
274168801
261403052
225596020
242319300
255817297
268053368
255333183
268198693
252155215
246127773
287085023
265995466
263151452
271699912
199259216
271312972
297091390
246935529
279105186
246218519
266774815
277225138
268770957
315175362
252088109
271875214
247919883
231744655
239222765
263811731
277362887
267571107
263983052
246594000
259337563
243914094
279109956
309959277
255016215
247317974
270391268
276013094
262740355
277711474
293567178
496187363
313475254
288593066
285317136
287463338
248846991
304172915
244050346
221042194
236038862
268176005
268769679
263447701
255640816
239980574
244054458
244054611
238267361
282470972
263424118
229169260
234154262
263929749
239900700
236461233
237932307
231761777
242031881
230897514
243808497
280467193
278382607
273045081
233417354
285844625
316071194
268718959
263202317
260931320
282267382
224963802
240978900
260664386
239325409
274846828
255577007
295366327
268975654
274359217
285889821
273872061
271189954
238739542
268835442
290522365
213507175
266402163
299128793
250083652
246758530
233059019
260749545
252206423
280782424
222859557
287037384
298351397
281611669
301331159
245391769
248761276
242123464
263897647
240319538
269555950
559508101
283508237
297294560
269502421
235555761
254567123
240511687
362690904
275161130
297172543
272650836
217998480
293906019
234220149
251172845
266644436
260348970
270503589
233799638
278740050
