393316435
406994068
396754660
393677684
380500763
351016364
417975690
430318164
373868000
369647570
406134433
439679605
405435902
403391370
443681798
401063001
363366206
454594476
398758521
414121524
418491952
380502522
366643276
362498459
408582543
423601837
362019927
369893612
371193420
402364393
430293868
408983845
375240347
357456806
378168187
379439047
398737032
416933585
408340102
383134155
392627935
387628154
373888675
401894460
425677920
459163500
472203200
458958476
445043916
372789712
485446233
404375012
468499978
361594535
404204295
395658835
410822762
376007678
409639356
440757148
397055933
395940479
393654309
422537047
394525531
373118619
399700104
425534906
385907302
404741412
486832704
382417613
396965603
371462230
392667387
395302699
345005824
411830541
413796974
426743403
395561378
373256621
447455492
424222370
397797876
420328211
408505912
414913191
391374797
377901478
364051678
396923466
425566575
452972410
390067891
384487891
388994596
376195997
402906177
363772208
397094668
407698827
436365275
398730126
411474303
384809837
416587820
463318298
494010534
416674966
419360118
401136966
410891519
406708644
424163177
370378021
353260901
376322025
408879406
673399508
431855485
377442107
396437382
437850658
374008813
423579797
465237462
405444522
441551599
366248113
409497077
428931858
386234128
389427799
375543468
375751511
412438158
481876729
402506024
395928145
370949931
410372128
379181951
380328527
415611561
427325566
427192829
410843601
413176754
354492387
407936054
442474748
400521341
409175022
452001204
380767364
384673910
438959999
406355553
396701680
394858223
398656518
384280031
373678449
372303023
407405114
439260291
414935148
409649265
401968409
380400505
425776944
421197232
395949023
476673291
440278128
428924955
373185168
396021266
446349740
646835777
403180424
426244090
415869345
407130603
461863953
477717676
401207652
380238323
375460550
371730826
387307711
365437069
397344799
349249714
373134991
445793944
439346237
409094646
416829161
455332538
424400308
405323700
416008993
435657364
381406587
344476945
415400063
417125504
424817962
402375580
407740221
388332003
434737813
413470639
468538525
394105338
394361301
409015763
384406560
442426379
398357301
453643188
526669188
365053775
434812974
439079624
377729377
374304941
396382427
400015953
399728286
353069359
443800624
410250413
672962525
413136401
419413070
372872234
379903874
405507242
401276438
398844939
407536263
423954586
401262029
401113694
470640468
414943376
469272614
390779562
401685565
405554766
390130169
413782354
395574283
326860353
359211293
411338423
421342204
384580819
399854248
400294974
400595176
360619363
414045466
439119559
397249217
403506033
375976682
398925265
397105717
406868343
432803332
426340875
417838191
366012601
415631707
408369860
427753586
421726938
428678684
437247029
400618876
373587707
404616103
360373047
407423900
380333195
395867614
396510611
421056075
397172710
397090717
375746485
394686109
413924644
379044368
437129844
429743264
419022657
369322489
375577779
420625973
416197277
372685711
352695529
632711412
458645395
390952048
385054621
373027652
393299049
370746402
354855054
386409023
358336773
393432413
428448676
417219022
415642184
392795852
376836913
437838330
403680408
389865137
406193276
428364756
406443606
394388248
415283731
449679285
453815781
419049244
414022448
476620784
384884301
394552390
455112742
392773283
377979960
399869911
361205128
433836903
427555814
370812316
377109702
407598677
415823075
376371497
414578941
398706375
369048390
392170494
405725605
368166594
380296725
430429868
371862789
367047864
384888436
377652561
380288631
373110237
395719644
429622227
374754976
422021475
411884975
411538772
416190731
423566920
406259395
385059248
369770805
361796024
436060272
411177954
387951329
361015665
407119063
368797806
353065209
411389700
425313368
396332468
391643369
400274145
415416045
405533274
400562833
384650352
390113045
624490928
403268103
412189597
391371769
398107402
418690078
393925560
403382853
378642776
391554602
406218806
411741982
408739954
437585033
421445845
396545278
391914954
405690340
412779638
451488192
421345873
412302413
526880360
415962267
428105637
389529755
394042843
407091992
416448917
364610681
394535154
395944557
424336286
403653671
409511082
386351594
395158890
383495786
378489703
376288942
426637800
437091369
418136645
412221409
351199277
405756400
456305719
383495592
414764265
436582181
386056636
377104852
417231641
425809409
421700916
399373690
421461949
410353633
475094552
401681789
419919374
637261224
407158402
461711882
414187313
428298701
407397036
425900116
420922995
378885554
402758540
409749960
398981329
411911126
454952071
412288762
376684169
400087908
384349577
365955108
441264264
423097780
392537344
415249492
397363034
398863717
437044250
377990441
512375408
399345453
434487118
454446497
417175605
438553206
422512549
419010047
380820090
384694075
393271879
400927361
386839527
412350988
385885557
395630915
411800911
408451968
414918996
448478562
410165203
414293143
391152510
384875224
436218415
408825694
365056481
405911811
452683223
412189322
400301713
382926298
371375094
389576519
389777816
365088360
389148885
404547333
395787478
412692306
401117849
418889382
386407705
431849606
487787752
401047110
423136143
351222239
382087237
385791211
446866660
654611700
393210859
412108357
403170133
400180219
402545084
407760160
365959262
358180408
383087418
396420780
407788055
342054597
418743660
450898011
379063931
416593535
422357741
470003705
393225735
387580005
380511057
405775617
455216596
362717560
400900916
444284230
357449128
389358775
393414560
379674614
382307198
442211929
363176342
364536956
358237707
398148675
387788978
390374643
359572115
418817749
436577266
407373295
376662697
442950910
435271224
400257117
422693350
420213469
368957131
366327428
457219302
441975652
366842043
428752905
391756459
373909341
356894034
382786803
410160875
422748743
396066378
388024948
425791888
412415875
395817596
379470320
422839712
379111836
391629695
365706450
419422077
435940963
403760628
425070189
369466333
398907473
397793551
400929591
395246025
425123396
398556057
689253321
432504406
407933819
485818003
421921585
395844549
420373938
406913283
366536901
385718359
410999303
443049858
424757823
407511063
416423225
372214352
387388214
434812577
373182890
435591686
468608372
409194416
415311793
385802130
380990987
382725588
357454738
417623607
420303565
389881653
370028075
397007484
392911827
412134288
416259616
421399361
453763903
411807471
375920679
438001579
369102682
376345431
402657438
397708907
407202881
406891636
410151298
375019669
410823185
418397573
454543355
379347980
370109006
367103405
416258710
389783722
433277333
406624818
414306973
406896574
408710328
404341094
408990478
418382505
407118121
409330145
427976112
380775544
398334768
389269963
386682890
421032053
405722044
357845213
407782524
397086824
413572423
604110996
410103306
424596849
414060459
425345642
413817744
435857639
428153288
417580044
409929199
382663215
384215415
468161078
412530082
417439450
341634391
382650031
361181220
388678010
406287883
400337045
392788038
354505917
434610893
407122782
398651995
400291771
402345287
379096591
402192096
404168995
417060547
405661999
446619020
411810391
392071091
443758041
401703781
400675688
408117076
402510165
379685004
366653923
379267160
377638370
417587971
439593722
399159586
410030136
409265648
412245702
352447444
418985308
405561530
402678074
403723655
353177689
399488034
402468531
409747441
411343058
653748245
448510710
395412405
379501428
381944282
354085756
392475075
386140954
432959511
386745013
414065654
363320380
410149572
370499649
408372311
401562359
366915038
396759959
469184297
413910479
416213185
412753699
445401437
372349303
374323319
420824363
379790502
355109194
407296965
442123206
418284908
417318623
438017040
442218574
431396981
401388716
405188623
413427868
372080148
397602587
365109829
352149568
436955145
450271015
357236057
378561238
459034446
359172032
401104135
424156206
407215773
417488196
413050026
480990001
466024079
415399725
396763411
416156856
392206900
400255687
457998011
397584246
401094437
425471138
625950879
470495003
409775907
438360785
405318149
415287443
421481408
455525657
418968866
427869818
418059149
405683500
398212302
394305572
360574780
418778783
414039030
417579884
405041999
380721414
367973963
404075237
378692581
396380382
400732795
408800388
423497785
393941968
417085187
429535337
498405910
331065556
375713630
418245643
380822513
403240930
391810133
427889110
417035952
382939506
379854340
396335989
356309011
382811692
458608041
431258493
390616497
402198547
420621158
396771875
435549173
445808657
436638262
425973029
367179139
364371433
382018330
368530521
426568729
361743280
326359794
372730935
382705383
370871338
477551643
428793103
438231743
375041551
387596737
399308631
421336549
396003111
415197569
409031438
388434082
414490832
405832482
422432739
381018477
369478891
384448360
416962056
407457321
392073932
393111844
375166328
405219996
444257476
365585546
406577450
394030868
442076405
450796522
409674348
414132570
396816148
388019907
408219456
397303032
399318012
425057137
372103146
401004526
420043473
434285173
400484345
419965583
371212077
352366161
401989919
413571297
412252722
409233230
406950936
398487860
375400396
358801087
459316069
661319448
409456765
405508224
366969694
374848786
420587795
422876782
379316418
414177751
391394580
410737500
393435306
416587109
420659736
404525446
404281565
446678650
389813904
381472916
430539980
411160838
372132883
389707562
396901172
407798342
405740938
406364801
389801723
384115720
422118327
439961896
386210896
366960819
411501465
373782456
408110299
423637397
391872049
368633974
375331702
409733534
379523606
365064457
377058787
393740688
391734381
472529708
371911656
404136330
413337440
433766547
384663004
403421171
412649992
374741217
379799479
387429799
415600490
465306636
406575787
415390982
412980748
410673620
419558805
419361225
410785688
