2521515
3131395
3570068
2097662
2042315
2025560
3859463
2494796
2113273
2127733
2161528
2887037
2583767
4212111
2028789
2035643
2084474
2970412
2520969
2094126
2071105
3521075
3030317
3046954
2928784
3192346
2163037
2755362
3458967
2099874
2041595
2741043
3107206
2049490
2086576
2111533
2009950
2325200
3386614
2061573
3032464
2426903
2877400
3919813
2974262
1951498
2248399
2958353
3166992
3056080
3069545
3150827
2365901
2642170
1988518
2051350
2981657
2452581
3677939
3019497
2222275
2797743
2057001
3173556
3084053
4369106
1987613
2024582
3063493
3022639
2052146
2437559
2968775
2030820
3164848
3183399
2744698
2962005
2022421
2100621
3497140
2060863
2024362
2180760
2414010
3011191
2066059
3056659
2382297
3042752
2520068
2058235
3106160
2954681
2109323
3653084
2918748
2932594
2042556
2896365
2179006
3030566
3024532
2186935
2000721
2469286
2132291
2932701
2068979
2032288
3870084
2653543
3107953
2077403
3069529
2053885
2139801
2862251
2100537
3082054
2140850
2102862
3045659
3282540
2841663
2042819
2020401
2154929
2030893
2706080
2105534
2105642
2755504
2122531
3572850
3136934
2225323
2110586
2868190
2781396
3185116
3085368
2750590
3051110
2824680
2282265
2969144
2059154
3165696
2874613
3100371
2318458
2081444
2637964
3472005
3063756
2383866
3410063
2146144
2033801
2041338
3338971
2051795
2118269
2064788
2119114
2438455
3388510
3122487
2014636
2175429
2055662
2173482
2171442
2914187
2047303
3370964
2040993
3088817
1992942
2359545
2933153
2116082
2071935
2684237
2008270
2848974
2118659
2084227
2146634
3273190
3311147
2092859
2126506
2712547
2096251
2832056
2044198
4078160
2855624
2070582
3400955
2605351
2054364
3151094
2211074
3867520
2126052
2334877
3140674
2347093
2210998
2016836
3351585
2003504
2281522
3297636
2050257
2174023
2549506
2051453
2427862
3017834
2263213
2882620
2098415
2083888
3141202
2970122
2687482
2060423
2045846
2364909
3078103
3121415
3871603
3315691
3087439
2061261
3005282
2520611
2061457
3077640
2031132
2968942
2086553
2800504
2911273
3020561
2053384
3520655
2077201
2979355
2051680
3041746
2058819
2830024
3171898
2037217
3284898
2051575
2717889
3165237
2026416
2791304
4009555
2025724
1946608
2057444
2091935
2913338
3135476
3786348
3035752
1989735
2203062
2091867
2016186
2093408
2213414
2930423
3051820
3155497
2059555
2141793
3027140
2122806
2812555
2846653
2122309
2202045
2135454
2038263
2100283
2776445
2158406
2039559
2066146
2049653
2138155
2072041
2984741
2727913
2358274
2943199
2887929
2087159
2466321
3414442
3329447
3241443
2980817
2071484
2158584
3665242
3106566
2461787
3906099
3118785
3147306
2081180
2016167
2069605
2621920
3207271
2468442
2145586
3097667
2599762
3056987
2904910
3201473
2046216
2045574
3102077
3028176
2070988
3057392
2113721
3741717
2183038
2755180
3356405
2110401
2663806
3021747
3502818
2034716
2155246
2621649
2265098
2108412
2306020
3070046
2146741
2945797
2070140
3053628
2426912
3100551
2019346
3561419
2031916
2058168
2076538
2552062
2951640
2877325
2052272
2668957
2039677
1982043
2162941
1969691
2969525
2243693
2947943
2936737
2031631
3109322
2954561
2027013
1991230
3085662
3020940
2033505
2048432
2735520
2205436
2103911
2098668
4070204
2992237
2142167
3036162
2654413
2009671
3066668
2147293
2996718
2070546
2049119
2427864
2599000
3048365
3104010
3806099
3034045
2003390
3001589
2066790
2646597
2963849
4047634
2680801
3142182
2968972
2917928
2137049
3173929
2778171
2007654
2049117
3028976
3003863
2203035
3245881
2085561
3480184
3025217
2186499
3011558
2133874
3017750
2430313
3029130
2095345
3028424
3053390
2054953
2975536
3069040
2723552
3070731
2647313
3060770
2484972
2091159
3037632
3215095
4048207
3118992
2094576
2072665
2543485
2142623
2979317
2834419
2842453
2227376
2695446
2050048
2965053
2167799
3028363
4282617
5008120
4641262
4106331
3918206
3692552
2834491
2926834
2699204
2912305
2942933
2072549
2037644
2360455
2050259
3458062
2143538
2005379
2121801
2323826
3134665
2063316
3172863
3170981
2948814
2203944
4564003
3113376
3482093
3583833
3041506
3036531
3238784
3122105
3493499
3933902
3611876
3606449
3655976
2072693
3055833
3164355
3058284
2043222
3596340
2096874
2118059
2099693
2130775
2052339
3031736
3162822
3102300
2854709
2045947
2607407
2041361
3095845
2188313
4066434
2070707
3141994
2330919
2745710
2959822
2145089
3596239
2036918
3135519
2758384
2743919
2063197
3110640
2051102
2316240
3108189
2104028
2968130
2160957
3009297
2715329
3529726
3060060
3003043
2186290
2777461
3107093
3021870
2988155
2052410
2985388
3120090
2128184
3225605
3018945
2998366
3071785
3034527
3166412
3083831
2164258
2056508
2427319
2962299
2978243
3091065
3000333
2998075
2105931
3139976
3070237
3812947
2113681
2013777
2044137
2069974
3215821
2183609
2920699
2109889
2103810
3286490
2390512
2114200
2089854
2102805
2669401
3171527
3168180
2030537
2065841
2136156
2114363
2820586
2994667
3068523
2020486
2003613
2037262
2158468
3501091
2048233
2074190
2042391
2074114
2009637
3306111
2048853
3211092
2875699
2755644
2982522
2444723
3639601
3053073
4205202
2378751
2902559
3132024
1975063
2044949
3041229
2246064
2955829
2599432
2051879
3073086
3137952
2073531
3201333
3278238
2098591
2128318
1998792
2095493
3390614
2155334
4100373
2053719
2137874
2916426
2934249
2322222
3024229
2029704
3992914
3174016
2548001
2374497
2018929
2135151
2622449
3007342
3103838
2953301
1994957
2086984
2068648
2119622
2035671
2061890
2054601
2048827
2607768
3044565
2008486
2176827
4001306
2067700
2037448
2053353
2092962
3796616
2968728
3208478
3078292
2062213
3209301
2138801
3297730
2022810
3497472
3982351
3289762
2997460
2047196
2642436
2040240
2019959
2344080
3472486
2033364
3086815
2936779
2187111
2283334
2032049
2875138
2145951
2091512
2061590
2224335
2141233
3110295
3158485
2669680
2509472
2920468
2106705
2328654
2975463
3044907
3146711
2109814
2987214
2939763
2162764
2028718
2072109
2913681
2106208
2784284
2087711
2103874
2077369
2019610
2905943
2044328
2137689
2074824
2922395
2108213
2014097
2079523
3614946
3079364
2840447
3615318
3597632
3177719
2778692
3006191
3023413
2033534
2091971
2946214
2071773
2427742
3094789
3840635
2041352
2943369
2024685
2156495
2292781
2044948
3308440
2181302
3162420
1998522
2110404
2347435
1991618
3207228
2282010
2977837
2065854
2601400
3065671
2277588
2526106
3437975
2099338
3027711
3153657
3136300
3091700
3068934
2229930
2311226
2007961
2064492
3138855
3060276
2105983
2609496
2952885
3105358
3237563
2088235
2985170
2258488
3011267
3941499
2686859
3051526
2028687
3174255
2824679
3127226
2960785
2884769
2451619
3152974
2918453
2440682
3081787
2316899
3735343
2399849
2133263
2124407
3307635
2484972
2024886
3534416
2087306
2198890
3136905
2316933
2917157
3135214
3236668
2070524
3186500
2150461
2053241
2100304
3158139
2218213
3000127
2196650
2046986
2120538
3219161
2022146
2597322
4069727
3017999
2235481
2064792
3084739
2122747
3014957
3644722
2484866
2109194
3068695
2043357
2969166
3282394
2579460
1953531
2184623
3017936
2194710
2999956
2548480
3008813
3236002
2849864
2160334
3083319
2691629
2039191
2491035
4015064
2121459
2478225
2534757
2272011
3264833
2727444
2076084
3075351
2322452
2346757
2383581
2398731
3114746
2961104
4112355
2734912
3236401
3123922
3210664
2785791
2023158
2149205
2452107
2055207
2804366
2098876
2140386
2471560
2133035
3737548
2009872
2053104
3738587
2148543
3674732
2450723
3991690
2103748
3176399
2507938
3084222
2127944
3083087
2294499
2554109
2810912
3054042
2652327
2594892
2110502
3302116
2938460
3040351
3007864
2070487
2605671
2498487
3024649
3207903
3050724
3091622
2593110
3144218
2110957
2052741
3078190
3057157
3137679
3013440
2001940
2112536
2111625
2677365
2973108
3236033
3686614
2067925
2050150
2068396
1968495
2856817
2024695
2146667
2924149
3063389
2524290
2107766
2139165
4203278
2130096
2096356
3213656
2090446
2128561
2605463
4376093
2931143
3154141
2790949
3019975
3031815
2277228
3574888
3025095
3000606
2208242
2105151
2099950
2537150
2098780
2122050
3443436
2101168
2794362
2473923
2265467
2330957
3799249
2829356
2024412
1986322
2412785
2798409
3323564
3784716
2734382
2074667
2796965
