34897869
39669508
32950942
41416845
42584113
38250292
34838750
33601902
28762089
30706124
44315964
27032878
27024980
43157656
37613889
31016346
35806777
37022141
40672169
30527562
32643450
33613720
34277625
36436952
31718462
41241833
29433641
44426589
36021542
33668390
38227912
38288229
34958826
34447953
30149622
35754889
32032078
42788162
40338650
30964768
37223101
31119853
31127043
28384570
31881762
34753593
35931550
30616956
32749568
34762323
36980998
36439842
36027800
34336056
41346961
40575185
37575651
32464050
38983609
39428158
35020370
37812518
34354968
35988075
39157252
30767666
30151522
35066032
26647001
42750414
34598082
32064479
38914402
36753130
34796384
27759283
28192446
34930385
35212949
33508552
29939318
36766985
43364784
37400674
38252844
34129465
45290887
41554965
34524346
30411865
26323947
25999090
35373656
35048098
30201877
34374062
32566592
34674702
36561938
34797484
35732888
36685887
32204958
29700033
49382222
35447068
34545745
34188918
28921470
32566993
44179283
33361054
42356514
35780092
36318031
41096177
30027988
33984718
35707329
48502394
37656713
31787479
39926493
35327245
40540438
38090732
36659739
38390425
32308449
35119773
30847463
35744353
37992485
39973546
32509519
34687786
32943017
37020966
32341269
48919184
36340121
33432511
34174472
31362524
32391961
34664773
33914723
31590669
33677094
31172365
28150133
33753447
37749611
30312757
32380839
34187059
37897798
36386156
38253506
30002970
35294279
33458376
31970678
33402483
37421791
32120187
35810747
30392632
44514978
31396254
40308198
38539830
40537459
36690655
33849947
30562894
34404181
37297803
36755176
36554722
26333857
45513096
32881339
33596054
26680447
36058020
33609453
28762082
37187492
34768462
28875286
38544511
30262027
39633564
31346057
28608413
43039977
36650904
31865806
35505292
35730744
34345321
35468518
36137373
38688255
31805031
36967283
29795648
34142321
32587914
47545815
55472132
55522066
36071193
35134873
31500256
34167170
31564256
36765904
48777268
34935511
34276464
67118032
156726345
49318714
45821844
58597144
34350362
38760705
36256557
37386948
39385862
37346745
36746805
33398249
38341577
31998518
31018073
79246111
36345794
38713591
85759635
40588430
42734011
35037125
37728232
46004407
38180172
33510564
36758903
41328148
35122898
34581232
35210479
39052846
47451166
41268596
25900906
37194562
28037303
25896613
32976407
30940495
44501089
39665070
33657299
37831445
33424944
45856054
31214702
47577522
35693113
30973863
33423413
40000713
33792307
31616297
42719027
38272157
34040720
42830106
42719290
40839814
38030735
38038247
44004050
36359997
33063246
36918911
25564524
43330817
28082125
29535889
34399274
37048767
62058378
54614832
33483630
47586956
68498024
50347742
36045255
50156425
43700862
58390123
69067777
38661375
44556064
44192609
45352225
42758105
41699025
33918869
52024054
47198082
35363925
37568732
39492390
35488002
38428542
39748640
36868633
38217347
41159425
41165644
59860158
38132833
44096549
50182197
40793358
42545916
35022290
35384567
54688892
62778645
32397723
46875410
39896166
51919512
32809186
36754774
35654917
38638305
33313752
37561390
91622109
37669574
32855220
29638787
41364801
43950003
39654515
31642497
38316205
37471526
30260255
38377032
37988798
48939015
48271501
64963004
37127055
51118576
40278760
36042606
32972135
34199167
35901433
43512198
34669238
49030549
27140022
31898928
44168626
39113163
37038811
41015573
33835345
41463273
49864276
48984914
37699907
33844706
44386858
58456408
53585205
43744781
28963388
48584938
40081754
35825861
28337290
35126762
28624753
39014705
41432839
35311608
39455376
30791253
35508776
37579968
32220719
37583120
31414150
27434103
32417175
46738870
33358994
40449311
47454595
36130991
37837567
39206326
37617761
41355008
33035282
33134743
25911238
27745691
27282749
46887600
41209178
32656283
44174719
36736253
31337635
43170912
35689410
38692449
40425621
37423384
34071260
28668815
36941209
35320479
33319656
34437637
41484917
29409252
42904618
37516815
36162582
37636698
30313174
27496621
30679679
34613087
41405339
38381624
38259493
36346692
35057863
41376207
35287553
37736377
29404003
32856569
44935881
33246960
37875170
33031045
29617131
37023361
32590479
36039295
48864717
33600110
40034623
38874183
39363001
28343600
38876674
47761113
36614384
43518563
39034832
42926580
45650604
40051935
36674393
34760737
40668307
41912662
33807181
37272275
35251980
39233750
30729608
32365653
35251455
34089861
45848872
29974990
27418537
29209929
32618012
34184205
29894807
32362710
39221297
36000928
29532871
29998991
35308942
34356472
42457691
32916634
32344226
36812267
32750922
36259766
34188720
44735200
29839199
41803911
36673012
51784394
35888168
47638926
43636382
50239431
33959409
38104607
33737924
35215574
32709097
42855025
44816530
43417971
37078660
39628439
33678656
26502930
35721087
31625307
32891015
46449659
32788658
29265154
37567433
37974451
33379246
40590779
36342083
30129797
40919029
31902218
43388137
35669614
34593487
26838172
31650650
28236329
35250311
38435555
33732609
33916899
41367725
38014415
28419244
46566662
40615779
34468271
36177674
35321398
32095091
43762456
36986549
39182206
39310884
38908948
44214968
41384548
36517744
25606964
37487605
38491682
31953203
37222666
37578532
28737777
34695915
30096835
30551943
28826715
32447295
27922153
34395100
45145241
30737750
40582863
32453460
30772627
33594671
36896024
32622035
34871755
35377896
30031350
36059152
39276945
33857360
37731645
34905897
33119396
35158405
41171592
37549130
42381734
41941655
31031631
46003329
38445065
31514315
35189306
32384277
36898805
42486654
35761665
37462782
32337474
34127669
40802569
29273991
25506693
39068441
39231513
32659390
26200862
38076224
38070022
42082835
41477363
29901878
29767460
31281310
35800419
32048257
29428851
40343968
34679576
39810711
35238253
31099208
24853547
37181046
40456384
37142016
30658077
47183779
37048332
33029027
33276342
36766584
40744191
33217569
45786242
33607419
33799356
27569898
35186653
29737964
37352867
47506155
30912127
40063556
35101049
31999375
38933189
32929213
44506493
37144097
34726942
37921401
31353670
32520461
54338171
30204994
46244541
38540709
37102619
30505430
37151653
35064920
43969593
41419166
33488798
33123767
185771677
50693011
47005953
64450968
38761955
35366061
35599977
37824384
36032896
28932455
37113807
30644552
29276582
39028285
39743008
31405871
33268518
35320924
35285067
26879393
40767531
39084414
36264582
32990361
38612283
35120154
34383468
34925077
37608078
32227523
39003341
36628392
35548184
37579620
31753337
31481508
36263049
32986652
30094801
42730636
33898014
29619309
31619944
30870890
39673497
47821433
32715096
25831698
29166400
39926631
25881018
97310476
43681852
48942139
48183414
30214156
38405939
36536279
38302614
36952643
40524496
35204491
37663750
33425459
47371587
39259929
39790946
30329677
29326592
41476228
30795791
28885306
31593231
30320014
37733212
30304588
29524032
46255267
36422501
30602165
29241280
33859771
32758170
32462100
40113571
33215422
35219934
38681433
38637165
37702232
36836307
43194764
40295327
41060376
35210860
43310092
28413433
33697677
78613963
39335419
37349362
42223197
40885501
31794783
40121710
32315681
31485744
36414204
35086082
34924010
37855504
34368291
38169329
31293025
30845366
43507689
34433927
46780139
28967822
36154699
44778832
33828162
37516419
37888688
35127445
34610594
45209183
32295787
32855875
33459188
39255106
35745821
30737410
33975988
48004553
38740416
33846917
34912323
42439380
35744021
35088423
28262318
32418077
27304781
43656982
35690154
35875754
36075703
34316570
35163888
39742756
35650946
34168723
39698155
39582091
37398906
31452694
33576400
39889888
38049845
41031414
36739043
39913434
39114192
34455179
32214430
27907969
28898326
42017800
35137608
37146770
37214224
34073819
36918445
35560537
35335662
31504491
39741122
42927033
34535101
34532908
27396082
42948772
39977337
36207675
35156872
31994151
50819456
32714721
40353905
31656475
33053941
42382287
34836475
34496268
34574314
38288300
36712054
38275813
37737576
33057633
40799569
28205212
35543384
32186244
44345520
35966515
35290437
29390978
30968820
28165530
36006962
30553706
33426414
32826032
37131461
34357012
33888084
40315201
36284424
33489095
38056638
40800950
37915947
39639778
40028514
32042782
37960565
35333720
41579100
33346790
31826758
30863365
31957490
33367215
38901486
37939273
33321818
35519630
33705788
31238941
36810018
38376152
37336734
30827596
32273224
46680981
36290187
35015763
32860337
44303223
36930138
32611954
33615110
30570985
42395533
39721944
29225383
30393317
27753120
27632602
43058476
32601314
38029450
37985291
40766122
41734181
35344617
33846855
32959473
28305188
31859194
39718096
32981430
41766906
34230099
36771493
35231764
41966487
27814665
37579251
27442951
31157357
38193612
30520259
29286139
33683844
36295281
31131844
33137281
31823055
37728859
30151154
28191696
37188299
36222117
36099949
36552784
27499801
37216900
38869916
32734729
28402919
36580191
36850287
38811007
30411755
35857451
34018976
29620176
31457759
35188508
