31512798
31752313
24066083
33565090
20154772
22279596
25162358
26403734
25881334
36933638
27880764
22147835
27362523
29311831
21019397
28676363
19209101
22932075
25186691
24796810
24875502
27840901
32537235
21731766
24199522
27003414
23057645
23493738
29827864
30724080
27486666
22405873
20849584
26300062
31685900
29274035
28263598
23231997
22212970
26619561
67462349
24978314
23260224
28130958
27756149
27891965
22141010
24258747
26167104
24196927
22824608
31849697
41116223
31551034
22866990
33842927
25566033
21975652
31324133
22408366
27121690
32808202
32529850
27212371
23857171
20990993
26225371
26933349
21499328
24537012
25600829
26839354
23674173
24002822
22996042
22427952
29100681
27831024
28566809
21719471
27611743
27123891
25803146
22850223
30830624
26106192
25986513
31601616
22538622
33290125
33681105
34680259
23957893
22626892
25219628
33272673
21251780
28257316
36234080
29893924
23941509
25636013
31831644
29585478
19715035
23421325
23613271
23877394
26816721
25893973
21724724
23772664
24177359
22279233
30862138
21959544
23618740
22513636
33155555
25128315
27112279
23462565
31391141
28518093
25831420
25582769
22622337
22326428
23577274
30017912
25497690
22695356
27260849
30789872
27092171
28077143
21975489
28522123
22575177
20400257
24162378
26599483
28625697
24011869
37742281
30356354
29194124
27457383
31962544
25630318
21169457
29061898
26456028
22826531
26997680
23662785
24033293
21061152
23632188
26757779
32800337
25097216
24539546
32297748
31965096
26356373
25078616
25019854
28191094
31769934
25633413
29314242
27706448
27568429
31426969
27630416
25943444
31725363
25027617
27252888
26015859
21419530
24584362
27987797
31091241
21644311
25622186
21621247
31845051
24085630
27057136
26675907
23120451
26192053
22538271
22018281
24962767
28889370
66947544
31954501
20825292
22553892
29663718
24253780
20016387
22281141
29068507
29766462
26000862
32697992
28404852
25968695
24872102
19965471
28648336
26259194
24314792
28035815
25366713
29779961
25232332
31423434
30214310
25430030
28894249
26053137
26993906
31993592
25542655
22124050
25255545
26168991
26946679
23093295
20928974
22124337
29137311
24643022
29761369
28076439
23053901
36499534
26488678
30097520
22701027
28727433
26665628
23588690
21905128
24029551
21890594
24144148
27788613
27370267
22313936
27120973
29370231
27630723
23124137
26632682
20813890
25363555
26681256
26456048
27060334
31403517
32375602
24976405
29234108
29077226
27433981
23470773
24715434
25454572
26475797
28338477
28824762
25081202
28563456
22206720
29097051
23297341
29101177
27272124
30079039
27278716
28499692
22322936
27997090
28525712
37310926
25830719
26763811
23519290
27952450
28441969
29227343
23152459
25437844
23231075
26195270
22903086
31691089
19583300
22130584
28371496
29629823
29659269
30572095
25876380
20853852
23299680
22769185
30463288
23796801
23472163
25857673
26204559
24667672
24283417
24424533
23211782
21947543
22843592
29800891
21435493
26769742
27790675
24764431
35071636
29872373
21996078
36166493
20569609
28406146
27489309
24986015
22032835
25467329
26677372
25340939
30732506
26294296
26274032
23961833
26307988
29370891
26045389
25338837
29492578
23463305
31311268
27650130
28712138
28378923
24646309
34480537
23764736
28878682
28986777
24918961
24453224
25526342
31826225
26253708
25267824
26331471
32038077
27170461
22969160
26331716
22996857
30399008
25066763
27935233
28103458
21574809
28127224
27530380
23121090
28262674
26086766
26274054
21726689
21526868
28544983
29631285
19486700
26603803
29867312
23344028
24013295
26563709
26129315
26812248
19557586
32017105
25598946
28723496
24604076
27924310
34049012
26317768
23432736
27967184
30280561
25228503
26229181
27614672
29357793
31288858
29394796
23544818
18941779
29801869
31585238
23338228
24029991
32258525
25553866
23867515
27242830
27505454
31223480
28652459
26439907
29098404
29264091
25468141
26125825
19235875
25606929
28476350
27012572
26209201
26313711
28616213
32998796
29160855
26966932
26998647
23831828
29038317
21795931
21171915
26806175
32220885
26439626
23885775
27596649
25871701
25652691
25474041
28252807
27064883
31574376
32635239
28664637
27293212
36901631
19833773
20061756
31670540
26045487
25292193
27318082
30831237
19460823
25529787
30435931
23644506
26787450
31134433
29389790
28971330
25752370
24218725
21704657
26846431
23232670
33894904
19384222
19703999
24170810
22564115
20385794
24808677
37788851
26513953
26768832
23187442
25384870
24812475
23243381
28788338
30478644
26183310
28118685
28997394
24223148
26371776
25095718
23265066
27109318
26379271
20982849
33539549
60162370
24103585
28053298
30803419
27750912
31834364
21021532
22559615
26666376
27014005
24977694
24501161
30099850
26363090
22893086
22772510
26234994
23158747
22840698
23689195
28751248
30928312
22036766
21861882
31609338
22337063
27697481
22766786
24521358
19536306
29507397
24888617
24687700
24726956
22260451
25875084
22504478
28775749
28300550
24026676
33825957
28448655
25567255
25322719
29994294
35496609
22217775
24935950
22412046
25725183
24551414
19489838
34916710
26863369
26994420
26801563
31764472
25395279
28547084
29222244
18992254
30619220
25131586
25068053
29478186
29568016
24555094
21266886
23794777
26691933
28876407
21699627
25249935
27509057
29342771
31466298
26452488
28110283
34517246
21838193
26134402
22795193
27099515
32055334
19483211
19792389
26600486
29342036
27246773
27011243
25310338
24063713
22621265
21357009
20384235
26126853
26016350
30021189
27642772
27653511
27688800
23792946
29955513
32121242
29344720
27696198
27931943
24097032
28022447
30788109
20578914
27607271
30365095
24925880
23454138
28836310
24654471
24903002
25354240
26496033
24021276
27566311
27581575
27116385
24328922
25225028
28203270
33409815
29444021
28066312
24814211
27178323
29501494
27351722
29757679
26276096
21024868
26122646
24322090
22010750
19596245
30388357
22909974
28763838
19777045
23563737
25734533
30262979
24178428
36983384
22130426
29346477
21283865
22662871
27110796
27244809
21544586
35744280
31470277
24420819
19423890
24996921
27904268
24669478
27031233
25955499
30124394
36502510
24983430
24876201
22143680
23558747
20823979
23699497
34947812
28677430
28761817
23351297
30233266
24274882
33453789
28583060
20350818
28652591
29639160
29575377
19256821
22913518
29990771
26582210
27361610
24694550
24874420
30961920
22219295
28964406
22467650
24029973
28797976
26822364
27853961
22715488
28876962
27943450
29172932
26135225
24821550
22228904
22375568
31770974
27875349
23508928
25169256
24083793
21387081
22046047
22148448
24123690
25278512
26728901
22492181
26486664
25359000
24822834
27714268
61897780
20971584
20347207
27256671
28833487
26890793
21031154
26321221
27821906
26489441
27480180
28176183
21999134
23051869
24820670
19071995
21579848
23211299
27782160
22563700
23002677
28844106
27966508
25524876
27815643
28995808
29735627
31613229
25427673
22977515
25818992
22804216
28992768
27506980
27424750
23993643
23241062
35058181
22729576
24311739
29086072
25265032
33623555
28252309
29274501
23281386
21522985
32369447
19593703
22916869
22505977
23886357
28441614
20018996
23796026
25073829
24132491
21633064
31489880
24953293
28168796
26061865
22118494
26418521
30062212
26154572
22559945
30653814
28266955
26608863
26313428
27459342
29338360
24696298
39775655
27784591
35672782
23414774
25836949
23211946
28019522
22393996
30500508
24908524
21120863
21801928
22150759
27578611
31812448
23657392
24398249
29338072
27030617
30161793
22074355
22481447
30667549
24601119
22369737
29378540
24065779
29181366
25266025
23860882
29228811
27592623
28858412
24108605
19927016
20017408
25175192
25871633
21279611
24856986
27370314
34079417
19123052
29027231
30439803
24749091
30162684
19099531
23184012
24173416
33173765
26566401
26490017
29177177
26815380
22912055
33722399
31662794
27828872
27007250
27681186
23564041
22657219
25443026
24234238
21615734
21362420
26968188
22364324
27519236
27421316
25252381
27274346
28826082
29145421
27662020
22473107
28682795
28489063
24726902
27899022
23350444
24203350
25503650
27403471
28101605
31729907
29192469
25576950
30932276
28349022
27983808
34099136
21310858
22159223
29185949
30432926
22648023
19439909
26142372
29995570
21247573
24996651
31111454
28749858
28231379
28807832
28609063
25659852
27987490
26791958
24882873
28597849
30611401
23623612
26586601
24618446
26448516
22494361
26230950
26522869
23468318
20578965
30493680
24110588
22623363
27581653
25323825
29242328
26555539
24797884
27482796
25351738
25538953
22114242
29970926
26395474
26727892
26658983
23834325
24431527
24518665
21932783
23345464
25141098
18674981
24164376
23118500
22057412
26083912
27074116
25346964
26661589
26533590
33607837
33941295
26366291
22149048
19691997
24349004
29209739
27206869
19338955
29697237
28997387
27372475
21445477
31047163
28120740
24196764
24927399
27816596
23463311
22243349
24001676
23225049
21480025
25136865
26966963
23501876
31142964
27288647
24674416
25268488
27718949
28556271
19409540
21407236
27671287
33103796
32780266
19772988
22139392
26078762
