131836
182634
187194
189465
131385
201090
181764
194103
127312
130953
208501
213217
182802
198472
127765
206089
191730
183862
198944
189669
197811
184694
193030
132230
127624
192871
189219
183569
194257
204978
218654
173724
124935
134998
135428
133557
137930
120698
122225
135588
146217
123704
124629
141230
137091
118812
129024
196068
124849
188048
129897
192463
123819
125205
192999
188139
125933
174429
182580
132840
131416
126600
139719
127348
119332
123002
125284
120085
120619
120632
124427
123054
134879
122718
201038
175335
122171
127145
119532
126643
134403
180924
188138
137570
133564
129853
130945
203770
134238
124959
131221
121287
121653
144159
138227
137341
138227
128248
129359
138293
124261
183470
134490
131866
18748728
121144
163340
182029
198061
155309
121264
125534
124568
131144
126855
125261
127906
120050
122550
126391
121665
128813
127169
148984
118925
117879
122950
133201
129343
124462
120564
191602
176885
134733
127221
129385
127048
127094
132184
217227
123207
135311
125402
119531
130049
139116
230593
156232
125944
130418
186366
193563
201874
288561
306497
188793
178110
128923
185383
248137
201942
128838
218576
121386
121850
121121
170270
236298
138346
123472
228476
249552
168715
218190
203729
156258
178715
205241
234598
126193
175100
173517
316708
198646
184461
168990
131681
265680
237557
200656
160974
124214
170251
169781
184022
175345
152488
173560
163153
164344
190677
162736
160735
177201
203397
209378
163310
129793
118852
164245
158805
172391
147227
145529
162526
161433
217233
226414
121142
184762
141432
120800
135672
187535
129220
204476
121969
223456
123410
126549
175559
128420
216332
226551
133888
125618
177666
226282
136826
128553
126636
132518
127491
129371
126320
189274
171455
133416
115751
181974
121741
246530
219912
123012
164999
257584
201503
149525
166516
230327
195180
155967
127094
198051
133166
133550
226493
123021
218581
125473
132476
123872
189208
196981
179465
160844
174141
172044
131189
174504
126327
194191
194264
174983
184788
124167
177957
125606
138920
137253
121859
199885
175343
119249
174966
154638
115444
124379
126568
175410
196548
116585
124877
163195
206061
169026
119968
196479
1879790
199943
175378
195338
210842
194796
128549
189950
192575
184979
126423
126871
124747
203462
182417
141228
168595
185750
120894
125226
183519
120655
160748
128845
184789
195581
125095
121033
132510
185462
188177
128238
183114
131346
128109
192614
123538
174035
191098
114788
124486
174474
129550
174445
192583
189032
184097
125786
132162
118457
185904
193992
117139
170545
148321
170684
139807
126488
122817
123235
184924
201321
191373
125428
139152
122497
119084
117812
193325
188207
133401
134812
131010
182332
180808
133104
177277
129001
152511
204923
130851
128418
131896
186259
133401
151760
181819
200074
191898
189296
122502
119753
185241
127445
195053
124591
124678
119057
187809
186669
193018
191108
121068
120289
121869
126107
123106
126456
199898
131636
191462
192898
192691
180162
196838
144333
197283
189730
128378
121399
125881
122614
128844
125287
138333
130526
114959
134625
124044
184624
119497
124021
115749
122622
191247
117774
129276
126288
125748
124591
125875
127166
203738
193744
120947
120982
125921
122974
119128
127847
122680
131521
122800
203274
123466
117880
124134
126467
128600
186262
188342
120774
123017
121743
120658
124958
146132
175359
135299
202628
131858
122759
128085
128453
132808
127924
118112
119732
396509
212412
203875
228546
197890
120677
240734
135904
220100
233159
178653
221437
252723
126291
227418
197201
123803
131009
225724
1859062
194267
122825
118078
218910
162153
233966
180593
124369
229174
205449
123530
216080
195450
152088
124344
125409
127101
183938
226395
227619
225530
126548
223101
120786
127051
118250
126449
174576
170350
158624
193390
212999
196762
236600
200068
188245
204815
237749
127194
138811
230339
206549
118209
125143
222851
227500
235836
220848
227457
228363
181823
122205
224478
123339
117084
177406
129561
182903
126708
177945
216618
181795
234900
128976
123428
169494
129330
127909
217372
118778
173727
126360
173962
172307
179853
198140
169958
130131
127849
175249
291304
127616
122748
131117
177912
136457
188990
181780
130156
124872
173599
179516
118471
123810
128584
184998
173981
131832
123510
117412
215044
116937
119828
129564
187733
189999
139998
116957
138438
118148
142252
124273
188518
122446
180602
121922
183362
189825
187121
128534
191085
190802
126662
129227
182365
127977
124039
183226
179259
127717
176556
122300
127809
178864
168491
170986
149205
194905
203935
187519
169996
177226
219099
176652
180872
120607
172549
120185
119612
129068
136797
132941
151929
195660
197665
119111
134099
127790
131503
175650
191147
130812
182576
177431
126266
190318
190787
122016
192013
130306
188790
191364
129609
134007
123485
116526
122219
119285
132330
122062
119059
128356
193530
134688
177941
171157
184377
209261
129296
132454
123837
135352
116972
176249
126674
123423
144497
135062
175667
187380
124332
131658
122598
124419
136033
125504
124342
121248
127551
124215
120849
195458
174678
127103
124694
118664
129025
129592
134519
124244
136939
124372
125142
126381
119636
133046
177527
118539
119305
132867
127557
116699
135638
129486
139371
122697
125816
123745
123859
179369
130849
120656
123817
119910
136101
122987
133451
121732
116410
133609
128324
128597
125190
126315
122400
121148
127953
132461
135159
125334
126593
206224
196246
128665
176102
178557
131425
193235
143626
130172
143266
120343
149732
191559
127088
123268
121933
128723
124687
116963
129612
199728
119262
121766
145601
121923
118259
141368
119198
206548
131543
121717
128453
129821
137498
118342
128218
129574
128169
115494
125139
122207
129459
120088
123907
115271
119534
121532
134992
124771
124886
127320
126106
147950
152139
128149
131138
124013
122723
129644
115325
125599
126678
178655
124354
123509
120808
131396
128200
124202
128604
139995
128977
222462
120308
176449
193722
145982
122064
122086
178698
128954
131586
128313
135769
150161
200914
135642
123091
189778
132544
122319
199221
220454
131731
200081
177087
187345
189534
183824
220215
133202
122001
129644
190657
185713
130129
190328
132435
123985
224345
1849241
124623
120314
124152
187423
124562
146915
125847
124348
124691
183511
190418
187808
193374
183736
187221
191403
173853
220420
184408
133670
120154
124499
133868
118624
138666
177223
188506
125004
135944
139358
125517
176622
116505
196828
193621
132920
195432
186077
176888
190311
178923
180635
168514
114338
121186
133266
131337
120183
117543
187597
121568
127281
201714
121525
138450
122858
181125
192902
198785
174933
130976
201867
118354
123537
173869
117380
171375
213177
179403
232221
197992
213862
206942
124247
201755
196544
177889
194625
179877
124042
201546
165618
173036
203415
121484
175642
130843
1480218
122017
181137
171723
212829
123650
185442
130488
124531
118135
135721
175158
180947
182975
188159
132489
126373
182095
118620
144648
193259
126602
122546
125929
119480
196454
134383
154339
128242
118989
125869
185760
169345
133760
132666
