2547240
2831015
2460802
1963711
2101226
2864929
2057763
2898746
2016560
2999391
2049426
2448730
2770141
2110757
2856995
2890314
2499465
2553063
2886821
2814436
2958748
2436265
4414135
2488238
2297397
2899589
2913068
2090330
1942985
2127772
2762420
2024093
1973326
1954615
3238128
2396093
3118545
2811073
2807358
2802045
1931984
2799151
2146644
2060990
1983173
1982281
2830793
2965413
2707799
2120494
3112529
2144629
2430536
1976264
2077739
2021817
2039329
2023521
2121955
1911485
2018653
1988650
2013388
2165699
1933582
2051330
2040198
1976164
1946414
2515292
2503332
2768588
3041630
3341284
3136094
2745989
2949820
1964285
2334204
2042252
2939017
1970009
1976536
2043631
2221965
2036599
2544443
2851202
2328306
2029111
2185699
2026540
2062985
2156717
1996002
2038279
2575360
2920172
3050957
3224825
2888038
2683428
1964057
2190244
1990217
1932184
2352646
2124348
2973545
2031921
2014547
1955818
1963186
2060508
1936877
2036279
2040826
2004020
2031344
2832472
1951288
2916414
3635168
3994461
3068111
2016269
2800709
2014429
2040259
2680091
1961289
3494757
2606498
1988572
2273665
3108602
3160222
1920662
2062866
2630646
2467179
1989559
1970602
2818651
2971769
2842609
2875774
2124948
2937817
2825334
2069259
2076362
2043744
1965379
2847911
2638806
1932559
2949994
2024232
3028881
1985998
2750198
1941704
2344608
2082869
2983693
1977083
2859868
2786514
2092047
3097832
4049771
2913919
1982387
2456157
1974676
2713092
3016900
1932734
2041703
2877259
2878972
2005571
1937427
2015109
2017629
2518977
1954485
2044124
3098800
1953658
2689075
2484591
2801228
2020965
3039449
2896405
2377640
2828722
2817933
2854191
2348938
1965895
2020534
2689843
2081913
2821004
2158888
2034493
2568900
1953971
1958604
2059505
2295873
2817599
2975440
1943100
2932072
3254787
2317128
2638005
2934035
2145015
2851185
2807783
2454771
2894248
2883910
2962391
2770423
2894646
2995779
2074861
2061430
2049013
2270500
2003922
2000340
2072890
1998068
2335164
1957847
2061186
2508271
1941671
1951487
2323736
2289658
3028821
2696939
2004356
1996587
2452886
2994477
2020710
2965800
2431518
2829213
1982475
2022305
2885849
2074284
2653278
4203958
2026155
2680721
2075545
2153403
2707971
2827865
1954783
2318712
2570328
2800804
1969005
2031140
2423912
2829007
2655725
1960467
2934371
1981468
1963630
1983971
2024120
1985809
1959878
1936489
2145464
1927697
2048734
2991515
2007255
3085006
3524573
2925678
1992301
2165792
3630346
3013041
2804927
2058486
1941203
2301469
2001740
2060884
2499141
2231595
2488741
3011389
2241803
3025451
2929950
3324135
2177847
2209561
1926026
2496000
2156439
2858752
2065440
2732128
2264837
2652732
2905270
1993076
2403430
2951818
2154257
2878038
2486537
1976560
2130706
2785106
2867678
2481567
2773395
2830828
2531730
2055605
1934845
2192653
1988380
1949371
1919668
2048900
2071273
2332195
2754622
4360006
2307591
3251054
2098564
1955898
2017953
2443693
2055826
2099643
2084560
2400696
2343748
2875615
2885953
2065910
1985281
2014328
2716575
2655118
2067975
2054763
2225446
2815917
1903653
2013299
2010731
1992216
1916104
2355136
2515013
1986001
3143246
2999335
2317182
2137599
2830792
2752440
1955432
1964456
3090976
3244392
1964304
1965323
2403656
2030400
2485820
2046086
2067335
2318914
2833265
2462037
2305685
2970304
2401207
2243163
1961482
2290803
1987806
1968527
2009675
1974195
2025846
2726877
2041833
2115516
2537207
1950254
1971105
2011893
2087089
2027085
2139805
2072605
2567902
2272338
2211176
2849242
2179056
3154848
5447500
1944915
1955175
1933213
2045075
2744223
2051752
3479364
2119158
2028828
2009875
2018674
2031728
1983679
1984876
2042897
2525777
2117288
2607742
1992502
1982013
2357654
3516689
2989970
2051823
3617868
2163393
3314788
2624811
2769503
2579416
2635477
1970162
2762819
2738686
1928232
1960449
2124652
2750052
2190312
2842653
2833885
1978149
2821671
2719400
2906612
2175961
2013320
2394557
1989054
2874879
2930464
2862884
2001631
1918185
2489971
1972731
3025051
2812579
2185210
2939975
2869699
1929657
1958806
2886769
3017716
2424971
1942151
3007369
2840567
2046130
2439061
1907863
2919774
2117435
2841800
2049329
2971075
2045729
2657511
2093007
2000780
2836969
1997079
2436211
2568044
2697294
2314416
2834538
2871387
2808225
2917395
2895794
2127320
2635576
2794939
2005726
1971316
2799403
2863671
3026308
3100143
2994805
2024420
2042442
3006389
1987228
2493541
2844328
2437511
2178177
2179992
2096854
2559132
2911256
2109154
2036130
2930281
2440857
3182525
1967901
2873433
1999936
2652806
1997808
2526578
2107919
3031684
1991471
1941970
2617027
2889640
1956054
2022519
2777183
2430771
2464432
2883437
2971549
2718047
1936583
1985154
2040184
1987151
1942687
2018081
4573276
2975377
1980981
2739948
2285528
2004509
2089154
2961523
1966496
1971763
1999667
1987865
2057703
2958234
2427416
1977667
2335592
1967669
2030216
2360174
1965924
1999878
1961887
2894605
2915415
2670133
2706626
2003521
1953039
2579501
2771355
2014119
2972679
1945500
3014583
3119593
2216677
2797564
2945002
2993325
2938586
2087633
1966633
2426471
1956810
2801781
2893898
2863031
1973229
2642612
2049368
2050368
2881779
2894137
2889806
2963683
2920825
3086255
2359569
2370636
3024901
2854084
1951977
2096164
2899760
2397202
1962210
2154780
1935215
1987901
2026956
2803436
3173964
2026454
2083298
2092510
1966904
2820558
2843265
2742994
2827014
1977633
2132829
1983527
2019604
1976528
2054730
2034134
1972091
1966202
1966977
2880011
2061031
2482360
2997553
2996477
2400047
2912363
2106419
2903931
2399242
2538556
1935797
2877859
1963679
2348626
2908777
2676926
1976660
2032757
1963630
2071472
2021698
2074855
2023633
1952467
2279351
2018194
2727646
2007419
2133399
2881216
2056189
2086602
2109274
2008516
2621460
2965789
2607235
3581912
2022228
2528122
3436394
1949142
3189357
1980399
2011688
2617278
1929730
2920633
2019097
3030799
2780030
2833352
2687777
2794014
2376925
2913670
2237537
2799189
2802950
1912504
2872937
2068038
2735478
2995655
1997279
2828593
2747419
2102616
2399732
3158967
2415801
2944728
2006472
3000449
1995473
2777308
1994655
2217723
1926627
2251364
3039011
1950752
2278783
1895613
2832715
1961820
3070898
2030131
2288226
1981991
2101716
2273177
2924382
2782168
2041855
2294676
2038823
2805962
3124855
1915549
2290384
2359842
2089893
2011866
2022519
2818039
2024827
2908416
2912902
1983024
2383353
2336144
2013440
2542757
2007479
1926976
2156732
2066708
2033697
2027510
2083506
2055280
2999770
1928803
2546814
2228289
2885966
3362785
2249705
2876215
2853869
1995184
1946635
1968221
2923602
2013573
2012014
2097999
2074066
2046654
2031366
1955703
2085584
1997023
3396358
1941463
2007606
2904271
3094133
3244507
2892797
1937266
2770994
2973831
2401467
3166567
2010304
2845796
3057697
2991674
2972952
2984449
1936607
2423809
2899042
2865104
2079479
2791820
2082248
2037362
2690722
1985971
2916396
2002701
2298878
2696770
1903072
2045890
2999978
2039097
2898546
2916506
1998662
2586600
1935631
2053326
1981273
3077282
2048807
2123422
2003631
2064511
2212062
1986196
2055951
1952378
2014368
2001895
1990632
2083292
2025163
2082399
2351698
2164662
2028765
2056377
1970338
2987269
2352149
3698948
2924812
3309341
2718488
2988599
2827856
3449619
2696594
3063991
3318139
2293620
1963443
2001798
2615509
2088413
2490131
2070177
2932672
1977797
2155982
2881370
2165627
1924989
2866908
2265731
2466974
3730503
2804272
2358188
1963055
2282252
3084827
2966148
2913653
2804405
2840457
1980439
2076953
1996629
3061695
2804836
2871823
2209314
2529949
2337398
2187029
2678155
2013689
2012157
2845158
2869555
4304173
2805253
2986306
3042363
2898783
1904297
2960003
1953269
2722329
2031611
2004083
2083784
2741555
2014536
2050278
2307421
2893612
1981614
2074775
2710103
1992981
2874044
2059877
2360952
2401595
3496826
2763800
2881913
2173973
3123560
2679133
2873369
2909416
1982487
2974115
3125338
2414185
2445815
3390602
2165782
2064220
2914403
2876250
2940706
2826468
2862560
3059135
2343926
2120921
3481407
2594689
2949017
1930596
1925585
1960052
2806442
2792089
2939718
2003813
2097008
2185617
1976331
1976238
2010771
1931621
1914267
2260668
1987039
1954385
2040133
2106181
2885810
2955200
4003462
