34659622
29619970
35987116
26572833
34540719
42283017
32198003
33670913
29643416
32560268
26529724
25308063
31469586
27940821
28055842
21665015
27912616
30208075
31382696
26197741
27718023
27236100
31576460
36673281
28533311
26666910
26471353
32800085
29032243
33004110
23352186
27671387
37801899
30542466
27381783
33304237
36669295
35443562
30060815
31540523
28987341
26188719
24856553
39333078
27864121
29579547
22527116
27300048
35743758
29944408
30687247
30833488
35840225
30309917
31842585
27816561
31202674
32994967
25729591
26297400
28627677
34498378
28835131
26301758
24498561
31038572
27687133
34159479
30819451
27182375
26858403
29905931
23709388
25100782
31754064
27543881
35191119
28828637
25505280
41316485
29609718
29670917
24010688
28612397
24497255
39959735
28625402
26445756
34312959
30107018
36207892
26064032
26582832
31354092
32663567
26767368
22817207
34050662
31511784
27013312
36557713
25224066
29799266
32641209
40525932
37333340
23923980
22099637
37577677
33637652
35349562
26739654
26085136
26571470
31372260
25823087
34129602
21594781
26514063
27906411
34385652
24601245
36610364
32289137
31904349
31797619
30545160
32647704
38836383
30765852
26868498
38841745
31127622
28953160
27091491
28308009
34434122
31282684
22733396
32834582
33650785
29435840
22335887
22764364
31752617
33019411
34270168
24089869
31303891
22292683
27932898
42375466
36693609
28297641
32490627
29327508
34201727
25046038
33930605
31484961
36013051
25466135
29584472
40175005
32237252
31948325
30610436
29393580
27465310
26202588
27526948
35074193
30111631
31746689
25595450
27161122
24777051
27223857
64133309
30596290
33335314
29404633
30600022
30225416
29984150
30081219
31227819
24610310
33997669
33375817
32520016
28305232
26680195
27868873
30806922
33059746
26389707
26226270
22525538
35433958
25434479
25483952
32320454
28551858
34422222
30980833
25705755
27510345
22345151
34296611
40056755
27137180
29405467
33489502
26961403
26545684
31583984
31353031
34174905
27700952
22337356
37235066
36850988
38691864
32075032
31514558
29487904
36636532
30050329
28786502
32188966
30360992
28386110
34202567
31878729
28904016
33126839
40311310
29967169
29220661
28626242
27496753
27202186
32808531
30009221
27759778
31251178
28550295
31184625
31655577
29809793
41008626
26811950
21109314
33700160
34763384
24717216
26807677
29731062
29757225
31468415
27979780
24620334
23112862
26261181
32365110
25986972
27467151
27628211
25495952
28569106
30395736
27324140
29716891
27272524
34181272
29457664
28498930
38568871
28646941
26268648
32567517
34350961
41276445
28438218
21530864
29932995
39581778
27263979
26151734
31133707
30937389
25632525
24474110
38438829
30449150
35660133
26432027
25022260
24163917
31225256
34022365
30131647
25848839
32318242
29803675
32154884
30850659
34662272
25954579
21290988
22179558
22885539
31447077
31440497
34875885
28632944
35359675
32506665
28069490
25853644
36534059
36315052
29160686
29299272
29302625
30680116
27469665
31734368
34020315
28644246
25599066
24658521
30256940
28620139
30595111
29117219
31055137
34403149
33927877
31113581
28530293
25888687
25974255
35364964
31639658
33948876
28960807
38311539
30945500
36282169
29356039
34555932
32999191
27694126
28032635
42638061
23605386
32318447
31629706
31316223
25661792
29879035
36352121
31772214
29491730
30446150
22212057
23204868
42579554
33147588
29679907
27971252
31786509
31318807
28886608
31022452
32986766
29034911
37614571
32037254
29843536
28731335
39183511
34432928
26108048
30525621
32947027
34614958
24924462
28134616
26541256
29620536
24864722
32616356
27223552
31392643
28264455
26654239
27851562
32381277
29521565
29686254
32344867
26172437
29549726
25193973
28539138
29750462
38020616
22770284
29350125
34296669
27277519
24072104
32252343
28292919
30183154
24259152
24680353
35308886
24398055
24430859
28571695
31836744
28702414
31040363
27332713
26423522
24887227
33204132
26714514
28915155
34684221
30404620
26688422
25041031
29274165
34282861
22568734
24652100
28355370
29290650
30871525
27558835
29601302
28048236
29728124
26212502
26372248
28836313
26467224
21449897
31661566
35498643
30292199
34901439
31482346
28495719
35780772
25985812
29078543
33392413
27341577
35281437
27803158
27295459
34106538
37079139
24057578
29367099
31910306
24489103
21795779
33392205
35796782
25810867
25959304
26287826
33635247
31571380
25820889
33359681
32108974
28490884
28065929
30815646
29502965
37901486
27908434
24219323
24530633
25203246
33246358
28322005
28641024
33785777
34356829
35278318
30829139
31737892
30004545
36456179
27138577
28994380
32545271
27699351
38670802
31372913
29426567
32926431
31742364
29073824
27705004
23845912
32587067
27953331
33328430
25507324
31603569
25406419
29202213
24834845
27727521
38117329
27275007
59238440
27843352
26136304
33392040
23746076
27984796
31056929
27767398
27274757
27206666
29594196
32656092
38035225
21293036
27401412
35591880
23063925
29038580
36206839
32180143
27482201
22054421
38361974
31672749
36010873
28890737
27025160
27839099
33184033
27767676
29074311
31031031
27727941
30865781
29929493
39251727
32417068
25698684
28751253
27230625
31444167
25952105
37041602
41776965
31919878
34670377
27822069
27167189
26404253
29826734
29105710
27214821
38225794
27221321
31736939
29564269
33757840
29146721
28871386
28149613
29301406
32138948
27695034
23732232
24057862
23726802
26013473
30687396
28646246
31651159
34443536
37835230
30093714
24692332
34224775
36843822
31154257
26784196
26177979
34354263
31884919
23866274
31130836
34474596
29472346
33308435
34101687
27129301
22682737
32420458
27328203
30981286
35674105
24461916
22136591
27423135
28874810
35513219
32066509
34754943
31546576
36433100
24524510
33299731
30432836
25738258
28486269
28730092
30101925
24297789
32606395
35179862
25181242
30954601
28596513
27399038
29140140
26071281
30836414
39781289
26798036
27134495
31307117
31976801
30906549
30021261
21712261
30541031
28431587
26676968
23940445
30812859
29498610
24761679
29136541
40060239
29704451
25350018
31492542
33013091
30153054
27877223
33955286
30419145
27299510
28982974
33420197
36389130
24648524
22423725
26585571
37035658
31050890
28727827
36159006
27042409
25971433
35910154
32305990
152251431
26481099
32557898
28471074
28938676
25630570
37025369
30056267
31926889
34497143
29930353
33745964
31837808
32266603
33489516
32217476
55758665
34461232
36467490
28738122
29936051
34569931
29496445
36402178
29454317
23734989
29623717
36206407
27699350
28384717
28569358
28874093
30261276
33708657
28996509
28476535
28956443
32448404
30211856
32067024
30514877
33841009
29193437
30530223
31921152
32044106
32515890
27077675
25142924
30357176
36362227
38220111
25942339
37129212
30442793
36211968
31361290
27405585
27752264
36490220
36372053
29891231
31753013
29214755
26404751
27704754
36924431
43037784
33629820
27479318
26779034
27253287
23738344
26187809
28474879
28301667
26559677
26856514
26648107
28004677
31790229
22901157
22983824
32332206
31353470
32063871
34039167
32606979
39001473
26519968
26740240
32393311
32031884
30330040
30700467
25512073
32635715
32896693
32035783
27867363
28693346
30799774
30328838
26114267
28824188
38982982
34573273
33412170
28439467
27308160
31241233
31831230
29429957
24937236
32056795
35451195
33574428
32126058
40564719
26784612
24910631
32144101
25753293
25819113
29181868
29766536
24245184
23125518
32841762
34994208
30927296
30408332
29580610
28190060
25573732
22558942
32379162
32021061
31302710
32987686
37302264
32941501
27412112
38067190
27399294
26135309
30483691
60417454
29840032
28040977
30462301
28976951
33297334
23634535
26796600
27431653
33122897
34644395
31183994
28721706
24210862
29897162
30663158
22903097
33385819
27398722
28110318
32928292
30162617
27217895
30825549
31927616
26234782
33705569
29443110
32017593
35389193
34239539
31474283
31577044
30110776
30591538
31118204
30658524
35196031
27898847
31976730
29008726
29655937
30756766
30268479
31547104
23462418
25055579
36839763
31130164
27171978
36465201
28610448
31507305
32587681
29336626
34829211
31854467
22513402
27757371
28630065
35742615
32157603
27406037
27055617
33349349
29122207
27234571
24810693
37771535
42053243
32928637
28247614
29522158
30123621
29206327
29172181
32326653
35787958
34119209
29907590
31662815
31245682
36324373
27555565
33815535
35712134
29136148
30218953
32549001
32559281
25794014
24577943
27185606
23597495
29962988
40242827
24684697
23827352
32978422
29522766
34673085
23321103
32063563
31523687
31674867
26311535
30105330
33053409
26283779
29125217
31330829
27724275
25742423
28990359
42383975
33716252
35038228
31219513
28158730
32472419
29670178
25425631
27601611
37083165
29616738
26757194
47508303
30202179
22368809
30283491
36559818
34095801
35362922
31780170
29703303
28300356
23591356
30166133
36294086
34007984
36149341
28800504
32174830
23233610
24427412
30547457
26867093
29983915
28992211
33232148
28997938
31269774
33634347
34238106
29783831
29640623
33472100
30198115
28994118
29653026
32567816
36120744
22394434
31303499
34621997
29038318
29882590
29130694
