1925128
2117372
3785658
2046827
1515158
1645672
1498601
2126947
1535374
1563129
1469290
1997069
1528041
3854381
2095776
1488157
1531883
1437409
1522076
1462401
1449536
2290220
2201926
4097685
3083700
2439537
1769020
2147440
2455098
2592618
2178825
2840913
2278174
1637326
1938840
2108521
2148717
2260531
1499805
1464914
1774915
1631129
1894599
1518188
2319696
1552175
1572899
1576174
1535370
2043789
1480434
1499056
1513247
1563055
3921628
2325980
2265305
2228152
1549898
2519365
2288509
1589524
1515247
1529955
2035463
1568424
2012440
1934634
1532766
2262752
1510994
1722439
2130380
2055554
2124381
2320800
1892749
1561477
1562504
1696313
1818104
1501452
1656877
2942070
1504363
2310710
1500186
1548752
1641941
1715446
1493453
1484064
1657544
1403410
1441494
1701939
1460624
1451912
2089975
1614710
1452891
1451634
2767821
1570015
1525316
1451038
1777472
1958201
2196689
2251748
2201172
2106847
2838390
2555396
1825638
1597884
2259609
1461002
2119545
1461935
1433781
3494817
2225005
2214277
2163654
1533386
2239912
1522351
1753981
1470985
3099527
1677952
1459661
1803843
2139583
1645451
1474899
1561025
1533196
2847684
1707783
2350807
1455821
2325671
1708736
2118937
2139665
2256203
3184643
2030828
2107887
1514810
2214025
2748247
1466902
2017917
3053417
1769438
1588764
2232647
2060592
1518589
2010875
2289231
2064163
2992052
1548824
1487026
1676904
2154446
1685780
1489485
2087355
3007935
1622133
1529788
1491180
1596067
1986265
2151825
1672374
2560476
1546977
1530298
1536047
1907339
1739548
2116634
1450282
1697082
2155429
1617926
2430129
2133694
1591359
2579819
1870567
2631006
2123506
1534587
1685056
1612924
1506926
1572611
2012081
1544796
1738577
1543128
2028817
1617196
2081246
1707040
2691501
1445346
2165343
2103848
1600866
2093365
1984895
1798337
1602023
1455690
1921131
2294911
2250666
1672789
1545258
1507220
1557150
1574184
1499040
2261770
1512654
1529523
3132514
2101405
1598405
1519396
2256480
1505544
1430628
3533650
2137844
2132811
1528932
2383982
2149932
2763912
3157346
1465333
2178109
1821889
1432712
2175380
2235170
2134980
1714637
1534630
1497069
2201963
1444854
3015513
1590130
1577317
2311006
1916652
1891290
1940087
3294206
2092224
1514298
2030582
1650711
2323446
1441113
2754700
1547148
1476399
1536419
1486683
1543434
2023578
2149392
2174657
2212260
1767619
1589509
1610699
2556509
2173884
1657963
1482785
1566370
2435911
1487872
2679338
2216406
1483723
1610276
1675236
1685575
1599572
1505367
1595012
1749174
2677006
1521159
1526055
3261081
1869313
2728733
1507993
1611744
2276634
2295291
2997638
1487983
2252144
1568837
2248362
1505006
2583894
1596789
2303247
1503673
1995910
1586155
2075485
3065273
2121966
2129741
1453135
2000504
1728997
1563300
2590305
2028909
2239900
2169213
1476151
2277446
1443099
1575862
1628375
1764088
1554775
1662463
2150482
3161936
2240810
1549972
2240476
1729432
2133126
2069270
3102402
1495623
2275242
1807522
2203749
2133413
2203249
1947575
1602894
2196302
1650073
2169338
2186732
2776449
2318034
2165927
1579666
2146158
1479567
2229908
3041496
1481706
2184086
1602523
1581660
1924082
2232022
3574700
2206450
1504323
2112466
2471834
1675138
2260760
3368489
2143935
1585230
2103815
1603109
1485040
3080126
1590979
1467294
1451487
2209541
1452476
2113459
2641670
1486404
2008044
1553645
2288426
1720585
1772647
2391353
2511360
1465243
1495469
1491856
2117791
2333953
1479020
1475714
1692760
1479137
1513972
1627197
2935564
1624739
1720633
1676089
1638364
1481705
1794299
2489082
2780267
1572105
2068413
1540831
2561244
2147020
2186897
2158811
2302180
1990755
2597079
1654371
2887002
1514125
2206741
1550228
2117486
2358585
2106526
2593917
2204388
1579962
1892947
1584211
2195212
2753978
1483337
1561015
2139811
1659023
1892778
1475578
3264705
2100677
1587368
1851582
1508641
2145632
2312066
3243266
1501599
2271705
2093827
2279910
1746313
2185810
1537950
1492528
2242534
1608612
2147389
2504694
3052252
1987260
1744424
2080307
2316117
2330854
2232847
1854239
2061056
2148899
2208232
1468792
2002791
3169056
2183456
2222440
2217160
2289421
1601140
1560033
2685647
2312992
2289568
1524811
2147425
2009943
1457466
1741093
2277289
2062011
1658671
1517547
1532250
2834397
2257657
2181936
1562891
1444153
2273723
1963330
3623708
1509019
1483757
2244967
1602870
2529866
1519419
1484768
2380072
1810891
2229690
1678768
2129491
3213976
1575660
1805629
1519709
1467419
1476793
2149925
3332328
1634712
2334447
2357842
2449646
2084181
2186517
1692074
1877308
1460456
1507513
2233999
1585082
3308937
1660632
2291981
1567136
1634191
2074309
1502020
1506443
2247725
2012474
1747007
1868285
2182181
3060541
2131147
2378591
1589293
2164521
2344406
1583841
2645326
1561545
1529566
1492245
2117454
1745250
1687312
2221001
2137582
1447995
2143471
1569968
1764064
3177562
1605923
2184617
2251186
1559807
2288578
2057989
2622988
2591073
1612715
1569253
2015550
1554960
1523242
1582043
1476873
2142659
2052373
1454851
1664192
4210438
2326926
1505190
1687055
2037680
1926480
1438843
2680175
2300441
1507866
1619049
2135069
1522910
1529867
2502203
2137192
1568827
2157005
2787661
1521446
2854316
1534278
1598426
1958413
1626090
2064032
2261471
3446738
1695694
2171018
1576611
1649141
1556501
2234551
2282850
1714602
2053152
1540131
1574482
2108049
2954687
2255824
2192517
2270622
1777835
2086452
1584408
3084444
1531528
1908971
1500860
1517146
1560226
2128746
1872899
1652333
1540348
2179090
2697634
1825110
1707311
2238076
1615760
2124969
1492535
1785282
2212046
2864643
1534448
2337952
2157358
2207376
1620205
2097002
2946311
1469988
2269787
2267284
2261770
1834395
2463397
1576312
1595685
1507814
1512133
2282883
1563076
3068870
1530971
1532536
1754070
2163218
2215832
1716492
2392359
2237035
1846263
2090401
1597380
1478151
2434171
1474534
1650828
1484308
1468723
1454677
1613916
2612565
1519729
1504071
1660054
1963040
1625652
1502165
1619294
1552107
1526062
2105927
1660993
1467696
2984491
1491602
1622640
1575773
1476840
1538860
2113769
2355512
2247458
3564948
1818974
3786066
1715181
1447611
3381135
3226883
2465068
1846111
3486834
1624536
1485686
2073473
2499668
2053767
1506502
2783160
1958124
3247782
1693719
1444422
1837903
1483251
1528436
2271295
1595112
1462279
1537568
1516114
1529980
1514276
2708606
1563444
2485324
1854234
2185525
1976610
1563421
2458165
2369460
1997490
1877007
2007560
2713364
2625777
2131212
3163225
1742595
1550821
1637472
1866433
3144868
1620087
1869016
1588923
1879560
1567555
3050970
1564670
1490832
1536852
1490074
2263769
1540079
2355625
1623843
1693439
1683950
2315223
1570085
1587491
1629328
1473865
1492606
1505438
1504628
1429116
1493718
1942983
2234682
3072904
2235744
2029100
2024779
2549084
2247719
2257360
1493404
1872321
2105326
1542647
3175611
2166028
2149260
2083567
1454321
1455827
2159194
2757914
1936777
1540315
1600626
1836437
1463872
1738230
2315555
1484932
1473506
2296450
2197744
2070210
3260856
1587358
1761537
1602607
1977456
2200916
4213890
2463727
2359328
1588372
1486157
1488935
1466383
2444557
1645169
1648695
2162337
1435278
2663290
1724120
2914713
2374399
2737442
1862123
2672065
2540468
1474339
2149066
2228062
2639284
1529708
1532103
2136289
3251866
1606416
1842829
1507353
2161071
1463564
2124901
3012533
1603664
1714187
1409741
1543770
1701705
1471060
4001886
1493422
1592308
1829917
1455846
1955872
1512880
2789459
2181406
1488152
2315296
2136426
2159390
2705366
1693334
1984087
2233846
2157283
1608852
1651556
2974574
1532473
1616851
1481746
1442816
1524337
3326360
2056634
1505397
1506702
1459194
1515749
1854382
2414989
1472000
1898179
2817001
2397925
2361059
1676495
4115830
2267486
2157429
1520115
2150805
2143914
2051539
1671990
2182436
1611222
2042807
1598439
1541272
1451976
2121007
2250237
2028489
1478206
1555722
1613288
3792217
2598418
2241012
1512867
1530034
1775923
1500001
3289193
2248212
1658606
2162614
2243520
1581746
1440941
2560912
2242376
1560242
1581774
2278898
1915601
3219654
1900478
1530821
1521099
1495041
1506399
2020446
3170820
1638416
1636980
1543394
1561093
1453046
1503983
1518259
1816860
1852532
2467305
1924365
1830026
3378788
2193043
1549543
1474656
2080436
