1644884
2561812
2450377
1730088
4435666
2208936
2278240
2722650
2359972
2261213
2772497
2335569
3292790
1672210
1672941
2406767
2695060
1665443
1715111
1591694
2490234
1599596
1623005
1663315
2067714
1763863
1672702
3544392
1652234
1712758
1691304
1642783
2302262
2470389
1912182
1741492
2355610
1830721
1599744
1671358
1797292
1642878
2835424
1757789
1653607
1650308
1736998
1674200
1656835
2764604
3080437
1621273
1686444
1773694
1655627
1666575
1684458
1724151
1729927
2589687
1728754
3358162
3917990
1710045
2926074
2883529
1601941
2987255
3277014
2788780
1625954
1614606
1664286
4193893
2447308
1674307
2438406
1713773
1569685
1759549
1982351
2581079
1569888
1796454
1888509
2048982
1709045
1653590
3004768
1685397
1756519
1669702
1684951
1785072
1644757
2616717
2926208
1655244
1636254
2525078
1634932
1657361
1672664
1669310
1667371
1652181
1783433
1788449
1779986
1726433
1692908
3101734
1674506
1982654
2522032
1618690
1676003
1704438
1741694
1642462
1692549
1665508
1673286
2328572
1733402
1627003
1624974
1659690
2570367
1661659
1669041
1641327
1655859
1641392
3471771
1738382
1657402
1679458
2344970
2275634
2182901
2228570
3732761
2251616
2272342
2318733
2830094
2929454
2532624
2429501
1609483
3066953
2051358
2570620
2300797
2594430
1722087
3522321
1686983
2376726
1703945
2551197
1726733
2207355
1636769
1757853
2550510
1626820
1841624
2732729
2464268
2408677
3030196
2387123
1830070
2368485
2472859
2603672
1655596
1723905
3387087
2514381
1622218
1850921
2460286
2409416
2325375
1747922
1607931
1585341
2346460
2303086
2371041
2431730
1623022
1636622
1738840
1704374
1947324
1690805
2482157
2402034
1630306
4313437
2483665
1688152
1732310
1695076
1635548
1640178
1739730
1654853
1706844
1834840
1725256
1739979
2448251
2996246
3412855
2696301
1594865
1664269
2772289
1800382
1646355
1677667
3818662
2319137
1623155
1700316
1609280
1730600
1611357
1624950
1927633
1791068
1699491
1633577
1691667
2197532
2398784
3671991
2382740
1681490
1641130
1753681
1997570
2385629
2440314
3752075
2279171
1639807
1751675
1717016
1730763
2361657
3873202
1640644
1680320
2148730
1650265
1599387
1619644
1964838
4223665
2370711
1642152
2398799
2346943
2482526
2526011
2483922
3326756
1633078
1920536
1615754
1838860
2442021
2236940
1632316
2553846
2089734
1640783
1684047
2458631
2384440
2284395
4352716
2210205
1949008
1605171
2455273
1662912
1737072
2393158
3751045
1592719
1651956
2416888
2537612
1666289
1583337
2320377
3649328
1664757
1690545
2130371
1728250
2093680
1725707
2403267
1736166
1682990
2022057
1747337
2208135
2562788
1704538
3771371
2336638
2448337
2403646
2348815
1646591
1626123
2427150
3568480
1676628
2647759
2290262
1668047
2277447
1627377
1601470
1665768
1733227
1628031
2479009
1633730
1666463
1664132
3310131
1632310
2056476
1710539
1636650
1660702
1640919
1700283
3236720
1754908
2178738
1616778
1604626
2369692
2155642
2457873
3921290
2975334
3025419
1621180
1864190
2689113
2751884
3099135
2547549
2611567
1766362
1863698
1677961
2405891
1754520
3717302
1666381
2527758
1778117
1701554
2697118
1711190
3261649
2342392
1763217
1744074
1734599
2787310
2597022
1638667
3468395
1655426
1655450
2379553
2666323
1642723
1781877
2391162
1694980
2481468
1606347
2020659
2271341
2529205
1642961
3876549
2482634
1597383
1774623
1569447
2585962
1616482
1756104
3552736
1606115
1618295
1640348
1995063
1595809
1651286
1625132
3841276
1609662
1738638
1703492
1770586
1739996
1585154
2773569
1615787
1729114
1645509
1679552
1659255
1670204
1679222
3368110
2661537
1586580
4059317
2981877
2957881
2429819
2856245
2653755
3843609
2552145
1716567
1682277
2454041
2332167
3798433
1739630
1608944
1679149
2711625
2172180
2309999
1682951
3155489
1795627
1620733
2142852
2405423
2449865
1745874
2739152
2552664
2362230
2753359
1589174
1662631
1710761
1671637
3424265
1764653
1710897
1993312
1722329
1705952
1619087
2150960
1723722
2452947
1606414
2260892
2443948
2384969
2407793
2094287
1632928
1673644
2590151
1639416
1612821
2566915
2392948
3121682
1877498
1656241
1633587
2438854
1765107
2417648
2362932
1892761
1716002
1720068
2494842
1699877
1613613
2476299
3365662
2507320
1660355
1552480
2325874
2388792
1614098
1689878
3792003
2458114
1716828
1639638
2487410
1955037
1685652
2459889
4340139
1537297
1665074
1569263
2462993
1553581
2623324
1629461
2149745
1932567
2312873
1755098
1655794
1970928
1722493
3374788
1733511
1727779
1637505
2533966
1680731
2449081
2145297
3146698
2413110
2279934
2456329
1664990
1624826
1808568
2435023
2534012
2510726
1816068
1874785
1644030
2176839
1690587
3447631
1764385
1721593
2515652
2345089
2377684
2513513
2387575
3902335
2415565
2446338
1674081
1641319
2160155
1701444
3610138
2385387
2600137
1726910
2338646
2245406
1659693
1690343
3598970
1952868
2444464
2400784
2436898
2680263
1656322
2512683
2805818
1594726
2469457
1843458
1620157
1784907
1791243
3282732
2418033
2295217
1858516
2374840
2329046
1709626
1716359
2925603
2442689
1634696
1657106
1610868
2441364
1576203
1708252
3847110
1730916
1671215
1977283
1624373
1639302
2457080
2623962
2485663
1640388
1817265
1604236
1669851
2540519
2015348
3603569
1613949
1659315
1738841
2058966
1675069
1859691
2713863
3170486
2389484
2282867
2208408
1726432
1695476
1688025
3167355
2348004
1634748
1655610
1697201
2483760
2673033
2304525
3460524
1744346
1626245
1647982
2436813
1943297
1717950
2235022
3758979
1574521
1706512
2142493
1771217
2163867
2424515
2031293
1711505
2554034
1658377
2536522
2546829
1612295
2243204
3562384
2339974
2410017
1815349
1733417
1655965
2764522
1670068
1624354
2502135
2416863
1673189
1856214
1682449
2065250
3394311
2432900
1793623
2481977
2420751
2468792
2447920
1607372
3665810
1706438
1774052
1687051
1649543
1699758
1828835
1684354
1696976
1746130
2796093
1589444
2196319
1722286
1878981
3428937
1691758
1671540
3897272
2792099
2475995
2811867
1689169
3974473
3036698
2464566
1756298
3848422
3578199
1771919
3331706
2493168
1650285
2975043
1875499
2338805
1883215
1747530
3798388
2306591
2454638
1814019
1707612
2507869
2380713
2419188
1646696
2397668
1789118
2438010
2413797
1717283
1625251
3049820
1752509
2624160
2561059
1732264
2459728
2161844
1722530
3637727
1648924
2478820
1584710
2189877
2366196
2596061
2422437
3830386
2358768
1717845
2620015
1640078
1730772
1584052
3198645
2540657
1650294
2110723
2934525
2459737
2508294
1682800
3187039
1766132
1730662
1711344
2561188
1593290
1713471
2310076
2659067
2383453
2432508
2311415
2712793
1824513
2434168
3092579
1644278
2406723
2418341
3051836
1677788
1820398
1666200
2408443
1706609
1694889
2254558
2332829
1786685
2512904
2850233
1795336
2074211
1948704
2098287
1655872
2419198
1617621
4007102
1786601
2400057
1668459
1715904
1649255
1628408
1663265
1616963
1573927
1707530
1650284
1676991
2583835
2252750
2942247
2156583
3056360
1714306
2175520
2364589
2428127
2540655
3765109
2268293
2518782
1653846
1678685
2540979
2442479
2525619
2354109
1577520
1628641
2414320
2481918
2303216
1592597
2560989
2512630
2337024
2278070
2044994
2346274
1637814
1685339
3144016
1626529
1639264
1667933
1635336
1788053
1615984
1969098
3701977
2694006
4107421
3945648
2015641
1786613
2571709
2436497
2466232
1623919
2537948
2368926
2540803
2467795
2415776
3860841
2327611
1676473
1699409
1622862
1907297
2392106
2126625
1745342
2271845
2392486
1626874
1684121
2396742
2185856
3153598
2263439
1700138
1685164
1768257
1655733
2102742
2072839
3883063
2515566
2651977
1953325
1719327
2411810
2289769
2543714
1696149
1970341
2514533
1997011
1702719
1916187
1642134
3946379
2505076
1848594
2089978
1601017
1644127
1664471
1697474
3959849
1807522
1703264
1678153
2541788
2281138
1645924
4051252
1611146
1595372
1691056
2427774
1631257
1624638
1587510
3312291
2585237
2464396
2262773
1666699
1663044
1616905
1870602
3841856
2416094
1800493
2068836
1610929
1947524
2463107
2868748
1852538
2374663
2533695
2300947
2048276
1817977
1700188
2858018
2083732
1631842
1612177
2196726
1689483
2907229
2537203
3869947
2762235
2842610
2393050
1675550
1677267
1655017
2588211
2510980
1716406
2414929
1693802
1675863
2385510
1590219
2999125
