368953213
443752732
373791595
357409424
401254160
363155690
382603746
386912545
373159113
476874163
361297787
452509534
379566951
394915972
368119295
332718549
343595367
354468348
379617408
400667604
386868821
366637443
363423843
375310655
385128871
374950154
389715891
387238886
368751571
413052584
397770745
351389703
369542767
381106572
340129243
375928438
404803369
350393643
401186775
347941523
337547908
336526236
382593659
385359284
392995786
405285099
354798712
331435183
383560202
377680137
378302902
395707539
414135762
373554282
396736781
365370715
357508438
385662865
372386808
378966855
389752836
340952593
380977075
373699131
422505416
373301717
347057729
365439386
374097798
385375628
381182713
433601593
321470650
330954019
372613854
365687009
363346996
360675048
375291334
450087833
450294930
343804837
358583813
376535358
397542865
378511527
323388333
338853875
360026587
397762999
381252869
345644469
353408132
322505287
315317642
353852049
334137892
355856534
326391267
398589294
403671790
362513845
361598261
387241995
380957688
394654865
392461510
360754190
422881009
337329851
344062752
372149857
374731749
357956757
345886522
369635809
370385007
385247605
375333443
346329970
370264652
376204124
380398048
593760598
383777771
345306006
349741106
411126206
350247424
370094207
353731479
343037626
365976728
390949632
374442562
385714667
361958922
405790755
364667823
396940025
353705719
362325398
377770373
394964418
402488440
379967938
359442795
342802001
356117182
356212093
349357899
383229356
379331476
397925972
387420392
332969374
352216500
327171634
338094781
391107932
362858253
447493783
392131162
389557530
372951210
364592515
377725447
348278589
400924697
414493871
358365577
395890088
339463195
343069722
375694031
368179135
374328470
369566090
384830487
387517721
381383245
391644091
389551876
382960747
357180047
376084226
373524648
366785406
377803763
381892112
402896740
366628674
413563455
412818481
335933561
342148337
403496582
349304922
396185461
342891107
353023174
690847297
477390465
392029858
394226132
346582045
376290450
337101745
386244739
373166403
368363855
373891457
370920377
364032835
366545651
362564897
386189215
380713837
359832388
388526552
416423199
380135950
391931251
412108211
384139046
436977450
345407576
356432424
342868906
357889656
398890572
416344869
379474927
367067605
379255558
368334278
392277108
381814630
337805922
333519948
367753466
336973311
391211055
424123055
486102773
321778104
374654239
352971901
401470551
361954000
398672527
365708953
378090106
332039731
393549821
442105834
338130671
350971797
344678204
431579939
381613172
379642163
403200358
397828373
442058000
385909954
374600954
382155107
376242345
401208530
382555602
367848469
340595936
364570359
393977584
385528640
392589458
591727798
367438296
369024616
369164075
367106217
345268264
342986121
435031425
427229801
390797137
413314243
406361116
369255686
380994545
378454746
370855053
326650608
339785145
363705148
363355908
376596675
381436446
339131608
338602300
325988773
358745077
315673912
380744731
407543955
379127181
364088625
433283262
445454079
372729070
395505025
405210009
393031555
343164843
374250922
373134419
381310596
395881015
347297899
354395306
341964202
370258947
350553009
361021342
364932006
352848634
381948381
341591803
372829640
405377257
351645455
378590163
376162982
438121298
415013036
375293368
371635909
442528905
356177711
395532127
391060971
372356971
381808757
345222093
400562960
462333421
385726127
379952112
388764743
338601957
326417126
390977237
367712422
384653657
359740009
370666481
363450058
401070189
374063886
635510216
378010935
397279943
347574137
375866546
365299330
345610297
358595236
383383678
338911342
407917884
409507022
382378267
337977420
378417407
383894308
383507334
407901760
372490148
355087627
370707646
359428824
332061845
349127666
370529261
421779715
372105839
380295258
334246210
404419614
386438584
385556182
347680887
390150743
423809073
363529694
380550048
362764287
406524674
320486924
347732325
360094970
365780445
375037547
432965272
381539533
368233232
350429147
386984847
428726012
375004303
393762592
358587566
403983414
625435994
449982337
375831148
383312080
345779312
381269112
324190906
353439905
366199006
379448199
373804386
372956109
381313256
372151365
365546571
373449865
373561709
373436803
384931612
389098559
382675893
388919744
361215858
342248188
327425581
334663150
343459268
345275570
339807422
364988965
364184978
398184676
354919021
386894642
349579666
346799036
408258910
384021585
348042682
357156446
335804824
372786521
370652982
396143535
286183937
401375770
395303176
377793039
399243042
373770507
369246329
408250782
459726319
395464639
420118456
410423650
346482655
349246522
395524381
406248925
370736119
331966414
345551919
330745152
393767064
380808461
365042280
362283402
338791898
373558477
372633383
365890598
375521687
620025997
384100632
388162633
380658466
343640119
387900143
398691213
361816828
386145450
374011499
355072281
388753844
361800760
417137147
403521971
360439001
412282760
385440182
359564658
344884860
385847053
370363575
384465250
414038770
349623368
369339145
353322639
375823184
351291427
395871790
419921020
372075266
369673284
398337983
392002570
374027300
372311257
381657673
378499058
364551393
386741953
426499189
374064901
345231715
350759368
328755401
378814520
419026105
350655819
351176046
339144304
348244232
394540081
404727257
366373983
388682879
370770145
390947242
411649886
395856926
396274708
373675562
362052855
348902122
398982092
368941467
380168266
351292847
380294107
388798326
402157424
362583438
393834934
388489337
384645797
367734891
390032412
591881076
379669218
386403624
358130391
393716202
363546845
387026855
363965781
381006682
368081397
373152279
391118913
384949841
395221406
428196232
383272854
358443644
388401987
348878673
335555226
341011208
384152159
321552350
396403070
389597739
428213843
373681684
403780039
374303438
370734898
382854079
436597652
369089418
365151974
411936110
399430406
421694449
361605304
328370950
337327921
367936282
394350754
365233106
359431115
393072860
365932545
385847144
367864546
375722404
367457797
388350404
418722483
377477414
375057119
347980931
359039813
377024033
372273103
384820511
352337610
418985058
357634274
370660326
384122521
390440447
386742774
668668706
366323486
353229247
384560233
340394948
389434993
381139994
367008628
404920638
388480129
402856615
374602205
351178955
372046912
375945651
428122750
410288978
379049877
371327025
328929765
339960457
436362386
419596938
398231638
349018113
389359011
369322598
407088892
378968021
387444728
406556371
370746786
374704343
370091175
356865547
359180011
377227638
389237500
353663380
349996329
348199614
349896196
324045762
380143917
342901943
352733835
349351456
386877255
344561775
359190933
398636196
382241962
445753296
378354785
387187550
426979468
328972663
308709851
385745875
380812914
372996612
368419184
373884848
348499491
348097136
642425585
394736045
372080383
374513599
405473353
382866517
343581368
378549493
344954377
352248421
377589986
397603694
377203774
373374833
336562374
333443787
361668588
399430792
345082165
370791078
342963387
383442785
394577761
384692611
382889868
397576854
403788092
380422613
381101747
408703524
373489127
413358560
357790712
352643966
348236657
364642253
367746981
371677695
367768119
355122612
365880421
356154124
404566551
402992911
322644165
352038040
336526564
366893702
358737237
382347447
376320165
390172626
366786191
356442597
361084183
413371386
340709978
383283000
366660496
372662794
397071247
372818809
362105791
381083995
359374993
402262756
609245581
408419684
337191009
418772659
347114805
388231615
393667043
352263008
323430821
384264386
375199161
354101552
359798929
370448355
384765443
388084951
372074829
392907097
389045545
364279566
432588281
420766375
381139903
339860679
356697098
355936025
399456717
457979486
353179261
377803922
406757945
396915779
371425296
381583262
405070590
357975043
330285957
303871869
372481048
412096811
396768820
370659560
338469621
368339359
397071376
385805552
403984101
357783632
354254625
390141033
382030500
444769451
352276928
331722327
380461678
390422692
380571045
409496365
397060938
361704959
357149321
364928592
382582699
374311224
622993707
378583712
373954215
399930690
347608812
352646970
388932531
368525280
351410792
384556710
349026235
361059302
329989336
357191465
356241067
362215210
338544464
412497458
350138671
374390859
377203777
398555732
435310434
383932455
376778565
334436346
339807447
375973641
414769127
367473498
400678911
380497666
401568986
376722831
392022452
394266277
380235834
420850039
425651601
350067052
350711895
394446907
406667609
355051759
400211022
345527077
373040810
357476949
375856914
355478347
368924369
408526304
353627883
372228789
342301323
336595558
333606879
389757694
400338041
380750823
386816440
379360541
361066938
386700117
380087276
378172494
388333872
378437913
379751694
381704567
365282239
378658619
347976178
582805205
376021703
370553327
387083044
383249520
384493462
354412888
349302385
393901890
353689286
367375003
389835893
359770653
373829984
413498564
424828784
414810859
327768280
365191558
342327832
358666150
360407005
366452721
367809457
372445318
336938582
363880771
370931369
374230324
365966268
373105062
378889147
371316600
363495170
337727785
398855588
366114039
383038758
399708830
350416359
328510601
337808062
338715218
395951110
443233983
378275639
377979340
397331499
344512610
353084021
383426347
353775845
463797211
374855834
383634498
376860861
323956597
356240177
337745021
358725460
344270576
371927433
382878204
389752827
351468250
364680055
380484140
353551457
356858999
387014766
386394870
353616277
388269660
397726152
429789108
371283342
401976514
421258812
413830621
376056593
375351101
390736464
374776230
417730742
325238749
343733724
365477386
353438555
367474951
367352745
432259109
440779565
375299352
379587879
372511706
380611093
366426971
357852014
340253665
397962795
383615511
370344100
