413660828
403180935
418509064
452542153
404274750
446051411
381704755
382347129
365803890
400965365
414767772
401264890
398412190
411815440
458732888
409274646
397309799
463287779
411197550
421229674
388312116
373316157
385599622
467758283
403747094
420840407
382841534
409241393
407934966
420867406
427588482
411228209
410022350
416255634
392608832
394269002
387984266
425480010
388076147
423782652
688938065
418996187
363970406
390999393
421162376
385766591
370579691
411111392
413811649
418123485
415002123
399917958
392030166
361065344
384742140
400852526
476865617
380172715
411225636
380603595
413056305
411995102
399932777
404447118
373066244
397952100
372984207
425557091
412075822
385114414
421655090
477211588
431288157
409305648
457049218
430133084
439788792
399105914
410190917
406081067
402151511
412189349
395426627
438465637
480141032
406966212
408212781
391459817
375348539
408230618
438234548
409459220
389254107
379269512
365819036
452304475
407653210
420128003
383939173
390281778
407606617
595530642
434652145
445604394
428940798
378673461
419960295
410642109
404523421
427356152
416415216
402115603
400990679
396375585
410520060
367821817
395440602
389284808
414157672
435466423
410485129
370475867
413755716
401340467
438339792
487011337
415927413
430505116
408401424
442283911
405251978
365674705
365401740
479962592
418421863
406863242
401480357
414978926
409998860
422756697
424887019
403314289
415707504
420633374
447463825
440250367
425008828
388757907
359666500
416464551
418791398
407107563
364432073
342975750
419891335
402994912
384489110
411890564
400356940
372424873
419980622
413020618
364742354
402883236
400944218
614212217
399012694
409623853
397549780
421119534
407687366
402346414
426979862
413142488
408422637
377308470
405123728
442427192
466154873
406891293
410268492
432357544
419456750
413612556
370729624
435071664
388442266
405616026
405182800
389023950
417826491
409613897
385306586
466791214
454994469
376741092
384452811
350134258
454651284
365219615
409402703
525802149
486207828
445897514
353535085
412318468
375571730
392627365
406593639
390160099
391883188
410173466
407666134
416329441
465611271
450747614
424337752
429350836
376778270
438729570
418202029
375772601
377244108
406227401
414773955
389660240
391436290
404331109
402030969
407673849
403171387
458203057
418307458
376136279
391701131
375084444
364457745
440516767
402741189
418268706
387183359
375207464
435464165
377125813
390266018
414868877
394576883
427491477
410194047
400656575
431425724
396500135
412134796
443925648
395189160
384997509
378262035
419243074
398403141
415554502
436732329
387258932
373570550
419235172
432537683
395744157
415620305
410225078
458130727
380007094
430293795
398168162
399937245
390429752
410684551
423604015
396661656
401570782
436570260
389020223
483564093
415067666
380505255
669011004
430920949
412387854
390875571
426553026
433760060
427105834
389273474
399314412
369671310
419589453
388973441
414537520
429651862
420145028
372112145
400642859
447549275
453280215
435084526
416946248
372485143
448298911
450688155
394660154
357879113
366806837
399151769
372907591
389069726
410724308
447797652
406965221
410923895
412944778
421036579
405577735
417561225
430727134
411147145
414028022
477958534
375527795
389315143
400640146
414513226
394947301
400801535
454138842
391292725
342870728
402175019
389864652
422451070
383766836
385545564
382485968
416326385
421033520
433786902
714844126
414493068
430796476
464487113
375257153
386512067
395393215
410026587
400530878
410345717
411217929
406133840
406290259
421458293
396051922
420257674
397941850
408307012
438829231
408215333
399822590
444899232
390142048
404487569
406145853
397444077
398769670
424645901
415671596
398333243
396507362
429010905
462270846
414589634
410374136
422822924
390692533
421135310
406259151
446834279
382964779
378075601
377665164
426417566
421766959
413914836
385379799
407542946
428533445
446663193
425296262
451748946
379395544
437897885
398835886
433408947
386774198
376207724
365976304
413714326
389528068
417134521
414865389
411822954
427896875
409878995
375594171
454643167
461216417
411308209
451381002
370646565
417053412
400115990
404857794
378061082
384646328
433403334
405221284
459900876
399973026
390799026
630949822
433205808
388788036
378656666
399324132
405827517
425669462
461946816
411690692
415058428
382195091
416079137
392799967
393787540
392097350
401285098
394399066
393144184
409849828
370297347
412874917
424202936
427453678
414577746
391880182
394479862
425945415
377623047
430899614
396123186
408825563
379947323
431560645
406360056
446785633
396321106
393797947
385076386
433085345
387222683
387560141
411315444
369720297
413176218
470184645
395119152
416831264
623837295
434113314
418975882
369885018
409060445
410903459
397595487
421159810
431259873
447294115
466272424
383936828
351005115
392395877
402146770
380910254
440251731
410942659
419052318
467129971
416847983
405237875
436854838
409981078
398308729
402423333
403788342
393146700
453321187
458941360
380293995
394359160
379155354
441458091
420469236
383581333
380787394
405972468
380779888
421819334
409012232
437496429
388935594
411528784
406045655
388968148
433258972
413484539
413876788
435700104
386805224
371189753
385998752
436244106
406859829
413118854
397848591
378830991
383291026
374478149
420741036
366123800
363901972
406459607
417876777
380164202
438945661
453516244
614133203
475691032
469666021
406828691
395118415
373235581
415400732
424806985
393462077
423923336
410535558
414197634
426997663
396743828
387329580
392854206
383254963
388399299
385230667
448702949
442712749
413141003
444767498
411231058
434252139
373351455
340010059
387801154
403320583
425169227
408954558
395827686
390103027
401169821
402392231
421432903
406623019
403746665
421171367
448696503
395084719
435261693
454278563
388613363
374895062
418911431
426310333
415669359
472331316
419621821
402169777
409670714
436557712
421545183
392287534
370817417
402777215
724268098
414244973
437583302
398572961
380677738
358981373
389532156
417343867
422650168
401309432
409135778
389619700
406865750
406668263
379019855
402809105
409550248
438014349
420371461
415910628
419061447
397853885
438209831
441502498
421863053
439657390
396449220
414322657
423726863
395427103
433326224
401534702
407684351
432444377
422112421
388210585
417542307
399810909
398146151
460421012
400964716
378219386
435374395
407319454
382816635
422215488
395357164
420922145
438491936
373154736
375860945
384365998
399289333
410916021
359052971
409637238
415412921
393253227
428791117
388659198
402442733
457111328
650614492
388824956
376856878
360354729
426710758
385899868
409719553
387128375
376006336
420015559
385164647
403599168
441741696
405514762
387148711
402084682
411336923
378925383
419338799
450499963
366358713
378985859
351352389
431030676
422093850
398344792
450241663
389165111
392301844
405208144
394525620
395360208
422767708
380478737
423862320
461006313
471085218
410782762
392657534
359103390
393233147
412674345
416457988
454317507
413943908
433124808
429370946
421798275
386498201
381307694
393442189
416884089
394591711
430506720
392761266
419902891
422717931
419100118
629587942
401196601
362010733
370528372
411315724
411035011
406224045
426731018
390954210
366941416
402548594
391549085
394782738
393759651
388855905
397022646
411748239
396813229
475591236
406977764
391827320
369593516
416160210
413304502
403388011
388846524
398248230
441876230
411218560
405145900
429488755
414807039
412991950
412432369
422890354
411973693
454440832
406354061
384907888
407230055
394852406
402625649
431724946
431739974
392549691
422391823
412075290
388149237
377587340
457414267
443343495
436676883
386521158
370724569
365275967
397888667
405028913
381871261
380517058
368323439
386409391
414975650
389971018
395416051
408815492
701146092
433193013
420396979
409762319
418367363
384349604
435053924
427343537
408897827
398472613
435248753
423042796
412560138
459804193
451677557
403844795
418655630
378099865
389947656
400208500
403622832
409003877
389376809
379668297
410890041
397114851
399545095
381449401
436368474
385590837
414255345
411210496
393821689
398812438
413968807
473615369
395854528
439252170
439124255
359723850
427070904
394270587
447870269
400783523
441622364
445901751
390145653
403431688
409465993
375997934
442647690
395945182
417127445
395840887
445075055
419840509
401203399
367364609
401960534
422705876
434232073
415779223
400236906
432736860
457567021
388093454
422134274
477412202
406982504
445472593
394709326
398242623
514133232
438353130
400919102
412611534
381106652
387537488
389526103
374041017
438001719
385023254
366328878
402484567
383971055
457104553
445244721
367250326
440654484
443663864
406907439
409637852
427764223
432903477
373468526
404443246
380107533
423956755
422695808
386635230
367147661
417195584
634721296
444298846
407478863
422924501
379357166
364344742
419275441
406639176
387346902
395474966
376777134
385247493
424660372
413252331
391802273
433525782
417199920
426438409
451306542
437489729
405214016
407622869
461833751
367728317
421452684
428032691
420153134
415213317
388713454
393711451
403349508
413606824
447104891
405086092
374053864
394550693
403381577
416235817
402693865
439063438
451821757
420968536
407145317
414179484
411762428
420832341
421281075
404493385
423467325
411080855
401561166
435023779
409241655
366474965
418200962
366183713
642081445
331380965
406804741
392902567
424821438
397141550
413199403
392057755
385207908
367644027
418788099
418527023
399556495
430415698
419373924
416939141
410630546
400184775
405223155
473093264
418979452
431060201
382716688
401685726
413233890
411899648
421090797
448197065
417024037
410774352
434673273
364088938
406599627
393458967
424904932
411308390
362336010
386574510
386733899
425228828
434874742
406264581
418210925
384784901
419904914
415295272
437954440
385999141
400115999
453618083
415902769
443875374
373777443
397950074
690809530
609719547
382127774
378635448
408178659
410688332
