28532755
36161538
29594528
37317488
31969156
37284186
27895749
28978958
38956464
38096068
33925160
36792270
30780912
35431357
24997162
29106769
28197949
28876043
34879954
37541274
32461659
31351365
29642258
39985524
33035956
31171911
28817166
43913075
28184296
28945922
28276631
32183594
28213345
32010542
30141740
30297674
33662207
34776774
27220663
36758390
32710470
31245082
33617192
32489370
27392074
33059884
31974211
30403455
31097530
25645272
29100231
32107621
33843511
36352221
32972188
33371564
35343917
32760589
26459082
34781430
33363082
35988247
29288500
31815374
29275854
37987502
30698204
37109821
34414594
35029275
32617296
33624164
25490350
28161470
39942514
31909730
31175280
28782464
28315454
27117308
34787431
27655065
33752860
29102030
35766250
35204486
36072928
27353384
30295893
35369055
31597344
36499613
30513826
29541274
36913068
28376290
35252078
30286772
30542751
27619027
36710846
32054150
29039642
29457016
35061810
25956439
37957403
28447860
30190798
26990044
31521645
29999120
36393866
30626230
30966638
27041651
30761982
30889822
36941520
30847782
32770779
31747281
31330414
27789017
28909618
33390926
31777063
31944866
32309735
37786501
31248751
26161637
32854234
36847368
31646798
35579844
33220593
33831933
34151452
34135054
34615320
31708430
30934659
27550489
29705882
32986216
30895879
30618658
30931765
38192409
28847207
31073213
27077162
38199067
33389695
27440025
29824783
34518566
31487980
39298979
27187393
39074046
35856780
31984660
33095511
34075185
26448111
37506397
34580656
32686306
33425559
34371715
34378799
32910734
30164089
34197947
31827879
31313433
27363381
36549660
34248466
35218960
27761884
29405006
38049715
34787518
28983304
34259175
34038816
25982138
28557226
31218883
34723964
30087167
28411005
34719670
33610537
29358033
36115190
25017892
27904053
31798307
37032010
32592008
31315761
31433928
34900174
27389276
37237111
32194041
26880642
33158588
29851228
33733654
32646451
33532964
36911722
35498204
32186676
27672996
25975962
41088304
27680983
28677795
29027906
30305088
28559104
28351512
27677154
27247740
29283260
36404668
40950564
28625643
30603632
30043231
38009812
37485613
30217545
29987305
27881943
33901045
29458862
28767586
33291585
32987199
31049080
27798676
30306374
30846787
39715882
29826586
37376582
28679605
28114779
28119491
35239326
32030338
32014259
27841759
28613852
29756853
29071101
39327037
27584995
25484626
31729780
31064688
31179907
25989114
29247711
32471773
31900284
32238616
25637252
29583820
28901055
35178133
32317519
31828297
29979677
30462180
31584911
37481978
26495511
29814039
35191065
32758768
30530246
33034048
30189395
27742266
32854193
28131627
31426613
26792072
29472396
30028513
29794506
32431972
33325529
34196271
30886333
33658094
34983420
32025097
34247263
25340881
31847804
26764925
25987267
28745227
30443675
32984790
27872559
29556154
32787142
30993226
28060346
26505733
27665884
27335298
32933162
30200356
32317348
30487119
34656078
29837591
29569124
31270505
31694977
31650267
24956297
31115950
26866184
33936201
30971371
26111935
26288485
35095093
36269598
41654106
26438683
36004300
29069152
32459036
31095644
28091574
30436802
28958960
30376801
31922873
27427382
33101308
34253731
35736439
32038465
27866656
28901053
31565536
40989819
27715730
25533219
26962634
31956686
28182171
32821402
30462150
33693469
31623614
32417685
28414937
29013623
37870780
27296179
33029045
29342017
31209273
29305869
35389209
26500003
32383669
30275003
36588990
28481934
27644054
30320466
26239076
29284080
28070788
32180942
32638642
31290898
34404835
32531710
29841366
36497119
34128015
34337717
36085557
31848745
31222508
31925772
31438214
30777062
37192693
36415634
31061522
30900627
30113524
29707585
30694993
32869256
35528401
27055551
39244073
28284339
30244261
27656996
40611024
34261287
28953726
25718340
31802582
34401355
30087509
26408427
39908214
31526103
25534633
33283347
29076240
30048736
30686450
29172988
36287354
28640673
25098142
25778650
32622163
37588329
27200809
28960968
33079876
28923230
30742767
30469566
48513756
30414014
34047454
31426675
34024896
31211624
25726126
26658804
29906246
33520504
31272907
36857779
28648046
36349851
34777849
30169072
27009159
29750224
34894174
27604046
37734222
27592250
33927569
33479403
28145911
31566988
32329824
32437354
29775600
27900814
29689290
37630351
27767263
29769087
26535210
32186001
27139218
30412833
29799095
35259721
26945718
31635297
33293589
38930157
27025581
25684238
29793603
28924048
25679815
38296722
25189226
31294110
35313014
30557509
32754750
33899245
35326812
33112628
31207871
29843870
30735273
28084494
36994149
32641563
29239142
39770217
29080733
28172279
30788087
26224943
35348876
33264302
27871364
27457030
39026703
27372347
27879871
32978011
26465401
29866247
26124246
43210763
33896186
29115101
27084591
31629174
27622162
36631079
31887349
27741516
25595711
29460849
30990519
29902078
38574268
35359658
25187133
35189580
29210161
29776898
31262603
37796497
31739392
30953406
29055902
30718672
29060880
28504608
34481116
31185519
36070116
27024739
32024777
35745983
33623454
33356084
29928445
28390112
44903866
38034327
32733967
31928466
28416623
30690442
30949446
31629114
25958156
33093114
41202592
32570473
30705636
33714195
27051531
31638864
28211016
28839151
38331124
32918894
31061472
34152060
28628782
28540292
26841416
31890908
40359270
28016367
36741185
33636861
28007246
29027173
29848567
30904806
47230252
30519714
30051950
33941030
31512668
26192440
35635855
30270673
32568433
31799514
25209872
30167932
29162718
35538947
34048265
37371704
28138899
26694110
37491468
27429141
39470709
27650224
31091892
38970552
27841256
34962987
27702367
33615036
26580511
27783036
27345031
30130666
35402088
35642965
26479434
30839680
29387408
30874039
29286305
28492972
35997344
34255706
36378743
26226554
29606903
29970142
30816959
31839606
35235494
29965980
31506386
27699555
30071250
27335180
36422211
29381860
29238484
25430477
26712660
34135784
28672983
29669717
26915224
30186275
31043663
30013377
30114915
28769102
33321074
31420675
31555199
30129220
33565017
31430968
30715147
29092907
35870272
33685003
29712978
26937357
28318719
27824245
28275374
26956910
36704973
28978159
35381038
30211139
30293403
30984720
31463479
33201293
28287859
31510279
32433044
31186293
30489829
27831513
31449622
27315688
32085555
29143935
34866128
28515480
29341293
34153230
26399452
33301596
26813658
30723619
33328045
26637059
25335357
38192529
25524561
28563581
39826394
30335731
27981962
33037631
28546280
31182824
34745114
26808149
25444136
28072275
27596895
28767016
47230848
28503304
30163501
30528908
24557268
32829110
38446955
26621790
26568601
35159679
33005717
30225098
30247621
31654919
32766266
33599246
25809037
29890449
28814254
27325103
32482869
26920700
31204387
28390753
30575211
31836208
33574744
30215660
31930340
27975564
34251292
31714612
26548531
25012919
36298253
30446813
31648919
36150667
28222036
33757241
33723628
26230384
27182123
26538013
32930986
31489490
33838099
29531527
32633297
33139827
39715607
34592136
29796672
37106112
25804959
24455041
29220458
31684193
38887951
33012131
30175230
38029069
30187598
30696810
32102794
30911433
29880596
26845109
32928112
31105535
37137065
30560443
36119913
28803595
26404605
39346638
31333284
26025081
42668769
34327465
28679766
31244791
38632374
27907149
31461488
32110270
35841830
36844694
27366304
35996666
26310645
36035162
32368743
29970418
29387327
34202874
30633312
26445014
27853387
36697489
37013008
30017035
26624328
32267866
30221783
35404367
37951931
27012157
31277061
32040451
27415657
29046094
32217004
37637665
26367802
35970754
27600324
34522880
31294742
27999776
36927056
31281802
26666897
26810088
34965127
34793296
31048196
33422481
39169695
32893652
30233628
29257801
25846688
29204302
27777151
26758943
33186613
32680797
32799943
36761152
32341748
34523793
32253736
35176452
28449117
39693275
24985010
29437642
28131589
27503161
36014572
30728445
30149105
35810846
29905822
25687808
38165709
34263535
28107679
33252481
27664040
31086657
33370235
36446723
37365529
28603675
40488472
30812647
24666404
38717596
27115415
39711438
29654202
32054564
31261112
30754393
33299650
26370761
39749044
27333234
32373308
38420186
28670719
27562716
46519566
29651138
39009748
32519888
27265617
29757508
28074556
29004625
36214003
28104297
27858807
36399216
35744717
25966817
35724219
32038935
25545403
39417638
30542297
25898779
41635093
25997780
35606278
31100191
29463787
32976447
33720567
27038351
26003835
26561311
35418700
28158762
27444440
30399522
37088938
32199333
33740351
33393892
31673657
25878887
31493988
25700274
31479731
30677810
34646492
28216779
26471385
33149975
33177349
26618565
32158927
37836780
33261962
33105054
32847773
30872857
29486338
31118875
32745893
31310178
38628876
30322353
30606689
30932533
27335126
29442711
35794122
29065759
32110746
34799737
38873870
35959895
31603940
30741420
32418713
33510910
27486166
30018836
31905351
24765610
27680425
35380532
25312811
35764953
25499109
29757832
29228710
29359476
33730857
