363019643
352008718
332235080
368964454
326884600
372284691
315762997
370520844
358068127
341204152
369896289
366369662
294790075
324488006
313728238
319723741
343954955
368205719
319157967
320227723
300486684
321529328
324220789
311869906
344191927
305818025
305231807
342549919
372852507
319166353
311427354
330969296
362061464
340486555
335733545
329895905
341722857
313880922
391395493
383433436
337911463
341053601
354877579
351052910
321649702
360388186
332143472
597951480
346461769
331406524
374567053
339748969
470405271
343008774
380222198
366021875
343241393
319245142
384995101
347560422
349169442
342627900
382707182
318915957
359688966
306299626
305749507
333397665
334305764
322566418
339551322
358391628
321251040
321986088
452803138
354255601
324322435
357814979
352091482
321082567
331031216
359226450
355789754
337620456
359891089
360234049
368324194
309723385
345279038
296783214
304708743
335464826
340662590
351586972
316247629
350627298
331138740
314066885
346239946
356505968
322082376
344287595
333516777
324420525
357189809
342079862
361673303
365811111
324336714
346489125
327006286
365775885
391695155
372726086
329176441
359213667
310776749
305620359
308760966
262649867
299990338
364892331
381329005
369989859
327730645
321512464
312176638
333304522
336636655
402674546
374725164
335702198
322277148
370144260
337625043
330336310
387197145
355428105
346636301
296075652
344006147
323767160
315120149
343709590
342951739
318994193
335472878
358452065
345805619
353921872
341454742
399400496
306196030
313357908
328906604
286806148
353200745
393777615
358120437
354583959
324137717
324764266
342051050
412280857
336064971
347766088
349944984
351648419
454748011
325337505
370352662
408377148
335972236
332793116
324451016
319771360
341672347
348000699
358106119
390409502
365444620
337266356
328499478
314830961
336986753
350697572
376383741
347030454
311661066
347453901
303764845
355130390
604700508
352685513
332903488
320383146
307299675
303179792
318842811
340185645
335110568
308993699
364375735
344083594
312442287
360699410
388183633
339424674
341711856
329306408
317213184
326826214
347249805
327701300
358447958
347360906
338148740
357069896
342854813
342326696
375943136
336278447
327648611
348416995
405809771
358777947
357430687
318596098
326465924
286295506
337545587
325858079
341280120
384592265
343928507
348762559
347997254
355176830
327122224
342116548
361545165
354707784
291770350
348915465
386636731
278191951
327024115
308053111
347045481
315709712
348249155
346857068
356386216
314411843
354779491
399800127
344175593
341003924
349877900
343973812
333245645
314915045
367392169
412915117
355206212
328460276
348023082
311498204
352714165
352983505
326410689
318139510
350947317
333652583
332065513
365727681
329252728
492256265
346579765
399508385
554863011
344224380
360167278
367151063
359186560
329056831
342177830
358760435
373002275
301964886
328782451
385830983
438544667
341734011
343430207
307706773
322329887
367808383
366847024
353198271
334631406
349519530
328096541
344621875
350695186
348276086
337792402
354713625
348372126
367189400
359669305
361289172
419957301
356305003
353816876
350493204
344454327
337683709
326533704
347544930
344424047
324032611
329972896
334910193
397680151
332385955
329747907
341529162
323510226
315460179
363838415
336529632
327704155
340460917
311603674
332406308
382314257
382616010
386266080
321186595
313559522
328986698
332326206
307282394
383766423
335283621
362506839
352178403
341429095
359685449
336383507
349364981
338730830
342070994
363540853
343566908
302989586
352413888
374247887
353619748
295229367
351791261
362722592
388750172
364323179
376637040
356010188
385324467
330479793
293403459
311051841
312592153
311259582
296691312
322965761
316035764
315378994
353400841
374998193
349463761
359675617
345717859
346119031
349727820
364121361
353339860
358592487
389588624
388597167
349849477
346441437
307933968
315116025
309450797
330793418
317303876
338989372
357828997
326100079
349009379
354748023
361190837
427442797
374938017
366081810
355984087
348061504
357609820
338420178
381341966
593186257
312510050
304414069
303149603
281820435
375960248
324640293
316473445
306412859
339704147
327104213
317531928
343107121
363711615
368309247
364843571
335241612
315280357
337799766
343859500
345662724
332663108
319350858
340321746
366611119
368862730
345373590
375060148
351614569
391241079
346673232
353708878
334708101
353351139
377897981
335825778
346373235
339326891
339239270
350160092
393042751
349255676
339684419
358581618
401101317
351384933
320622993
329921463
322391046
316362288
288935185
275665559
299257580
340846370
384513061
367467904
353431922
305818821
309890463
346454620
379812923
338274059
334319838
358110885
439360147
351238400
343378412
382773255
401519589
352384047
362826084
318976642
313821331
577506022
347715362
358884803
321434490
324644956
311702051
301148892
323362787
356213494
402017618
328579534
330584885
342492553
312149534
344540602
334467431
321467108
350091650
340961964
348866015
371226753
353017341
336210526
350657188
372231706
362294073
353941662
344591893
380827611
343140748
309356601
371305519
319075104
368965848
340250435
315863589
309221102
315369087
357411888
417373616
364861786
315713272
347224355
323017279
303662424
353403603
407905040
325647647
327595288
409530516
315952220
345537661
337330020
587692621
343160761
346436932
362126413
359052587
370546710
348459057
354049956
334326843
328207304
360560762
344138285
343473152
394044667
338352654
329955116
353928867
392331225
341300172
323579949
388393031
339481842
337910091
360449618
396466278
342210632
324276643
355352065
352808837
309155515
313805312
332262480
311479513
346098247
359706726
345572492
304811993
365499365
329166168
325919428
338617044
364584302
347873535
353263767
292925672
324685914
363372591
341591677
359999112
356610120
411406806
357869225
290430710
355649723
398417281
371374264
338166780
343987282
395287293
353312764
347168210
317901982
323832216
362559072
332682559
319693521
359399585
353137252
317014231
348878810
379518031
346686320
339487652
365103107
674335445
356975840
326218472
356969362
315938707
311434050
323417767
334113031
309714871
361553817
389775810
361339737
317658502
335818338
335693876
314260496
450609956
316439255
332943248
322898856
350846541
331685477
341806448
338193136
372309292
364095098
354326633
322098242
312856742
313174554
313155107
331361991
379422134
345148965
341075327
352002255
369119809
318696687
362677905
351246802
345780024
387160529
282134367
351708902
337035432
334749412
367843325
348238672
352940292
349765469
344577969
342727926
355498357
346758721
353101937
331223858
359221142
374167128
399426698
352334754
314273970
399057816
323643748
309146873
335122433
364443096
336727803
351388882
582518810
354452312
298325018
312293298
309742111
353078509
313258229
333380689
362818302
358520005
332427505
362652123
395587157
348596536
292944042
334522650
338059475
354812766
377975688
371731620
385552572
360046353
354287267
348951910
341255213
348824471
363238828
339415451
325067650
322393585
353580693
347713554
296858264
353028521
392209169
328388995
342888959
370302313
286299793
314182145
329106338
344008839
337936211
337995491
343964611
355227891
339904246
340078137
296937850
348308565
657749682
346875687
364699509
371316479
310893246
308906855
332080178
357152153
350450127
367489469
356588402
361305376
339130024
344731131
358775453
334899868
343350167
298962737
337893368
323007829
360072804
357456825
367027727
309698552
313241376
300331439
324488040
336433944
334460398
341224159
335091939
347368713
335765405
333156349
329182436
319480128
377005324
389078266
337120404
353188199
301726069
476487991
370308559
364339485
346606328
348473551
383774488
337825156
371914671
374726720
347474545
315651397
307307609
350491813
353951706
328339466
347121245
313220043
327202208
314575741
309396518
308434858
341737996
390573588
327611281
335357698
354158693
354447119
385417196
357236092
346376503
355965148
346054748
327747894
309181313
382995297
328892589
335295616
340862240
350403319
310187160
325634567
360574320
428499261
335011764
307295721
337436604
369457399
334388115
359145738
606991015
428839383
316866856
362414137
325946816
364402292
341860986
324597777
317172578
308900689
346049456
318277235
367341137
365395609
312284177
343018986
393929281
354240417
340101311
348277632
342742006
346479105
365935369
341088880
397791230
340984344
354848697
416515372
339175782
376114599
343249580
357081503
339026213
368512243
328171567
345379336
353135773
369172807
358309887
393359580
334711603
354184299
368806578
330098621
368213213
349796319
338218888
344756361
332643759
312392439
360636015
426581461
370070640
343858736
315569808
342792848
315212972
337500006
367662892
349927890
340676035
314212892
360562009
326844139
344817723
304636968
314672837
364065174
341872256
363094587
558279261
367475926
330035744
346382796
377154821
344523796
342860342
343816254
378832431
299672292
318937085
336951218
336301165
353770520
351029814
299867946
372579086
330183343
359266055
358676451
355284516
373360121
376468363
327993054
340832619
329191508
351576937
335389895
329008951
405634125
351179239
380621941
322357454
358865581
369688549
336266912
341189367
360903735
316859478
365438606
347824183
362632417
336768215
361025993
334300411
319631635
341320232
389987671
354082597
341872731
340884730
368354288
348484206
350450561
389722786
370895570
301539962
304217206
321408675
378280987
303398579
322146223
381114235
346521643
286610816
310433664
353541397
327023111
321801365
335894390
312068262
367810660
347999571
318027989
326893527
329273797
306543986
282777250
319666649
309247629
359786518
393091322
348978397
339793178
339042779
320774198
421790164
346487958
341210110
403907671
335519361
358756872
332999790
344580134
338691766
344111268
351235978
319280174
338996645
339272879
344342960
318988765
343325176
366278039
365053541
352192214
389638804
369938591
319430035
357284753
351638948
339195800
