250574
937939
244570
246825
257804
271777
268288
267019
254093
226976
249236
262291
227797
255935
264488
249375
231946
248543
175341
159600
177785
159179
251361
165703
173366
167053
170356
178296
166759
250484
165924
159047
167348
178849
164657
236335
164061
164184
244890
164119
168074
175381
167517
238241
167648
185031
211084
256041
241967
242379
245556
160335
169417
216305
164578
233704
170828
256146
171072
260044
169485
164871
256246
241846
171234
166512
167005
167598
165108
169102
247992
223570
165110
165749
172343
169385
170441
221919
249716
168362
234346
242448
260378
235717
250442
171630
240258
245621
243866
164255
165892
165858
247981
234351
169382
238796
167234
174813
246589
173622
171584
169886
265549
221263
253563
226448
249102
928913
156376
248387
240057
158639
247248
240551
259937
252761
258003
256156
258000
257386
257619
260689
244870
254557
166098
237415
255140
243587
251277
240679
169650
232108
240486
170884
163352
243768
166484
166710
177126
155347
165278
251050
235113
168154
234891
263743
159471
164887
274159
161932
160123
206323
157759
240303
239951
240648
174983
241952
164432
162460
236789
161713
241808
170135
174404
167632
171668
165197
182669
158326
250250
222760
173593
233983
166938
256534
171460
242335
235595
161678
238297
168663
163729
160909
164896
242903
166256
252114
246937
263518
185022
164364
168096
255132
237740
169544
182956
163933
196623
248593
159940
156711
249031
163737
166508
159344
170469
162232
258469
255660
248718
160438
947386
262468
246900
239249
251986
256067
160290
239971
246682
166847
181506
153419
157147
174543
160637
243856
261193
255540
273828
267881
258855
246150
223650
234523
245748
241323
245495
160494
181914
167060
175651
163218
163305
240799
238483
160514
227909
167308
256001
281019
258927
169000
251471
241609
169973
161558
235929
170185
172040
169003
247383
173500
161580
247734
167553
243333
240795
164215
247441
175823
163598
164376
257692
170812
166970
165137
245203
274538
164070
242584
157789
163118
162589
164772
169544
167178
171175
160781
166238
164114
188353
224184
163515
235777
182477
263099
172741
167367
225772
160762
179069
164117
238820
161302
258602
169837
250321
170774
165893
163814
166610
271167
991000
161848
260936
239300
167745
164395
157073
240878
261081
286862
263947
272065
242000
288793
168269
267018
211367
234383
165359
253963
236809
251137
164548
168123
165549
163619
229193
249171
256622
265975
245218
261529
246037
245183
250914
242323
240979
177959
165527
240413
163749
160416
157373
244494
162189
260231
240876
246963
164836
175178
171316
225923
162137
169465
167342
248114
241504
167697
169206
242208
256220
249453
161591
231600
254172
254297
167177
169863
241281
241619
167547
242586
236689
181082
239465
246673
226399
234810
164070
235402
162575
161538
241296
170222
170662
242489
246540
159037
159709
164251
163885
243584
186384
242146
163486
167951
165920
159510
171996
174691
169273
239220
993188
168188
165381
158817
239930
173343
166614
162685
174505
163347
169925
167925
173705
164257
164531
229472
219616
205590
252631
175372
272168
250554
192671
164667
243470
235837
250661
172778
247629
159320
195146
170043
257539
180230
262818
263239
249478
167598
167688
242479
166992
160886
248598
252810
256025
260149
253617
240654
230838
237518
176785
240597
171294
234707
165809
238642
159239
255992
242292
158419
244129
159426
159016
162530
213509
160986
246007
160850
254032
241230
164467
165422
168254
166780
168827
236485
162482
223248
248765
171013
159473
168524
248078
173861
248847
237019
164203
168155
169411
172999
162499
166297
241922
264496
240613
166888
163567
236734
237062
160634
223154
250394
177983
177708
165033
161967
239974
164609
168483
160427
238809
172460
161739
160789
246464
159380
249714
163625
249388
160507
166902
164791
168542
249059
168388
156962
234127
246688
234594
286559
171639
172005
237659
266263
173269
267116
164227
169941
229323
162570
165416
169170
161224
168092
164516
162092
178485
248466
261258
257825
165878
240192
252455
254618
235680
223310
246590
233433
242746
246521
171502
243088
174239
160676
256766
166086
164482
242931
168536
159380
168892
189407
247889
170747
245098
163889
162885
164153
165435
171335
252213
169123
241288
167390
258105
159306
169539
172798
231485
160277
162055
239961
248896
160948
163408
166968
166261
948739
250521
252971
250422
166763
161822
177492
165463
169641
169042
179900
167287
210903
236089
244974
167071
243841
234541
166009
158712
174684
249843
168642
237057
170915
237133
176933
162999
243226
236044
165250
179610
158900
168168
180230
166189
176489
158346
256219
170824
169579
236997
237839
235610
185357
162323
158701
264735
290724
261694
183673
272666
178988
246554
178785
243760
160351
158107
159723
161219
155762
233243
167459
158424
235731
244923
227681
226019
248678
242248
264709
160209
238495
225321
273261
169262
169825
162994
167774
248587
168380
172831
164627
167762
158837
243861
160284
256235
235697
253018
236910
161458
159455
243994
168655
243319
953970
167328
166022
157556
242675
244525
261071
176990
157809
241511
233908
244976
160392
236108
166442
172037
166804
159258
232812
245914
240177
165202
160216
247494
165320
169458
169223
256424
183561
238976
168838
242790
242334
162825
173556
240448
175374
165365
248875
238055
214241
167899
166668
156444
167446
166668
162461
258850
162611
170127
225342
167545
171625
165560
231889
169952
239994
167610
248575
243948
244217
247159
262156
255009
263933
171068
170160
191334
233871
251044
166521
167796
163346
165196
257827
171835
245657
170341
160228
168686
215114
236152
257434
245870
247958
237071
171497
253356
245302
240567
220386
253604
163705
167526
1684039
197586
287951
161673
232470
249667
254946
171514
242318
165208
159591
169993
165894
159823
167867
230758
167261
160113
159844
164332
165450
156216
157885
167890
160839
172765
169746
169256
163363
233769
161419
233871
242151
177014
251404
158827
181195
168823
157034
170498
257308
249072
179651
262732
182436
164099
253095
159717
167926
162432
168544
232135
252118
228971
166116
165588
158406
189107
162645
176371
162205
168142
158629
171794
264100
254118
171732
244348
158473
203207
234854
263460
256544
260356
254655
174110
250185
269500
244326
248855
240649
183838
223881
280947
174235
175547
233894
165556
169697
172057
163366
167565
1530093
243426
163544
161337
239955
236017
165051
275705
233508
259535
251994
260724
236657
252873
264527
255816
171188
165594
165931
235708
159160
160604
171103
175486
235599
175545
166244
155876
250032
158752
245949
160070
166578
157657
239838
159395
162985
175619
166083
159507
176588
233541
161572
238528
244112
162732
171133
167854
174322
166506
162311
239075
170328
244037
170272
247052
246119
160574
163793
163757
156942
157159
162424
239868
172251
171617
172312
179667
164774
240409
158383
167561
165073
163573
262599
241306
253186
164326
162585
162543
262635
168173
168638
246459
166780
163839
250500
247856
230026
247039
265327
1311246
247843
169308
164238
174648
166786
240621
173114
178834
192787
166257
235398
238620
181856
