162235
216577
196606
238711
155352
226795
225954
161293
151196
149975
163368
147002
221643
156356
145942
160174
209454
232568
152574
151804
251117
157875
154864
155105
231909
159420
162525
156267
157536
151935
223188
224361
150440
151475
175334
155062
165058
156510
161815
159608
227140
213998
219293
151363
148182
151654
216208
229543
278923
153515
157937
141127
167144
148327
148781
240238
211521
223740
150748
151391
220141
224189
152862
162033
164027
153810
230011
211881
262331
164768
163961
149115
208137
154326
223757
222058
215751
155210
147634
211148
154200
235327
156605
167720
145980
221617
232663
152391
185434
179698
158494
145838
257975
221353
160398
159417
155358
218239
179962
239470
165165
153620
240697
155235
214954
230658
144153
147999
149629
163239
228083
214497
221272
153378
148633
151460
154074
158429
154976
153557
222754
239939
236013
238170
239554
240420
223937
163866
215145
229474
161278
152271
218034
257488
156366
152626
220081
158345
151878
213537
157260
237390
155544
244205
144717
257101
220069
172956
257909
218944
148034
149432
215654
242052
141641
153114
173810
150821
157617
149760
172290
164016
153205
151381
186019
150997
218000
239411
228806
157222
157616
152871
243880
215495
214230
221654
235724
219246
228606
227975
163587
221320
241986
220995
151615
233999
223553
209101
218904
150072
150753
213400
149403
219423
239947
222793
221556
153516
224264
153431
145103
152918
153594
220862
159213
159496
160980
156044
233749
253855
227465
156243
195011
238474
234010
154134
244833
152289
152635
217767
168336
149547
156233
171264
154768
222444
150873
219913
157794
155970
149202
173972
219050
238381
248306
257844
230959
219166
224529
224725
219046
153213
152961
146933
229026
156560
239501
160636
234569
151247
158230
152201
157482
150605
153808
150689
150220
228494
233706
159867
152688
163911
152781
150412
147861
148568
164171
226811
214231
221296
150217
239865
244804
147932
146795
159067
185722
208934
223900
163670
153593
160602
155488
228004
149907
220765
146630
215012
219573
223769
225214
224357
153641
228338
147731
157595
158720
158770
229193
210526
154445
156590
167068
151847
213886
146863
161512
152420
224535
223368
159560
149210
155792
148208
171081
252450
212522
211480
151447
245684
154366
158926
148823
158880
153167
171582
258616
159332
153975
159956
164053
166416
147865
234281
149248
158137
220346
167704
161843
226318
225792
220297
231559
146467
164788
219579
223937
236471
225762
218949
238322
155633
152036
152178
163835
235909
149507
145234
158993
147004
217548
148438
151792
217529
238571
231926
222312
219120
256710
220660
153104
228842
211921
148326
216811
162173
236329
160694
163178
167310
216012
146258
160877
158148
147990
179770
147152
150342
151412
159600
227729
152986
148149
160029
153297
229169
171704
240394
164915
145408
151264
246087
174232
154959
155871
158237
147981
157996
161812
157037
166514
164313
210416
217487
161561
150360
227686
168206
155081
235518
219032
237435
148973
225557
228897
218932
157309
224856
230921
148544
151044
214444
213462
214545
164833
153027
213105
244961
199662
156892
242188
155524
150455
165678
222830
147632
220446
152973
150884
153803
156703
163861
156771
242580
214467
231503
154932
156882
159889
150009
234292
250825
236143
237770
255396
211191
155430
233226
158846
271239
151940
151897
162602
164792
151131
167328
224848
232104
224446
147997
250753
148912
229203
210086
159083
222827
146136
171550
155120
161156
220396
223406
150416
154197
217835
219207
149847
157957
158553
148330
230290
150679
225001
163142
150044
154791
157756
161450
223971
155722
154534
243587
218639
239127
247814
240512
217949
147555
167023
286013
225577
158445
149872
215676
160612
223085
145892
164285
148188
221816
155400
168114
157938
225964
222982
243020
152794
235636
229047
214757
164753
152205
239533
158015
251636
233078
153913
153154
161000
225972
176596
160465
161410
167566
229866
230948
252646
159590
229671
250793
217085
214962
155968
163754
153148
209754
221192
149718
160103
241314
218035
238857
249632
223820
149047
236890
161413
153136
227307
172683
274608
161487
154953
234729
226799
238305
148558
211465
228967
223988
226681
211642
149856
222518
210679
150706
155645
223213
177141
217026
226756
221458
212491
152385
221255
150649
212878
219583
254212
220858
168277
152018
154585
149392
148531
225014
168824
156338
241204
217405
218634
148131
227238
256427
220503
159985
150739
225083
214408
221378
224493
275004
158600
157514
166772
228894
156675
235097
226306
158323
223183
166859
160686
226497
209995
146690
156275
155204
174533
226317
156380
229502
145711
190474
240299
241270
221355
230231
231232
151220
234998
165012
225050
150182
233871
221655
148105
146226
150710
157369
225261
157743
146253
222952
168978
147394
158653
252070
163646
168325
259699
234061
257443
233550
206700
161841
237575
249588
226598
153455
149635
157988
149992
225934
159690
154001
154635
148812
150343
179029
192884
145712
165872
235264
222178
224401
222983
235264
154125
216487
147819
216375
218341
170232
154977
223364
237215
156539
151851
157187
164295
159162
154910
158331
171093
150850
213006
163584
225275
155490
157081
216434
156388
223845
238750
153528
175564
221162
143234
225864
156922
213128
259574
216889
224142
217684
154170
163058
146448
202772
218410
212307
162383
178526
149696
146072
250170
162655
151391
151476
219858
162653
153897
227958
157027
157378
230119
224955
225921
215464
203055
167022
145388
263910
152824
231713
219056
231474
155852
149621
150488
234682
228727
251766
165370
223600
230224
157345
163820
156175
148320
149172
237654
236633
254648
232942
232102
217282
153259
150663
154431
233469
218799
166805
153436
153177
211617
146176
155963
162364
151067
161212
153167
152523
180311
228122
157266
144952
223944
160835
157537
227858
229209
155336
151532
154007
336948
218129
335959
209405
153932
210332
160647
221455
215828
150075
147530
328349
350760
241361
154043
222461
217108
149011
176128
153385
155884
160353
148408
151424
146124
151033
154262
152810
149520
153459
149067
161345
150152
150783
145708
151731
148806
149676
166556
154100
153990
146448
196912
154096
149333
149612
158225
151117
148536
158482
149282
160975
150543
155170
153278
152971
148646
151931
222102
152385
153459
168301
223376
163779
160128
158464
184345
157695
153737
152067
149452
144617
158082
166896
148905
153610
146278
156151
148400
152869
148853
152561
152153
150624
146244
162069
161256
150538
273365
156965
271254
219086
230648
249099
216520
146753
227625
219859
166313
160581
219319
153314
264184
146144
155834
279386
270004
157709
150236
155830
275732
156503
283495
167531
222754
271822
153802
160284
269242
247687
263161
218335
171725
148186
151269
220054
222951
155605
209223
214556
156493
157277
209669
154272
301934
244220
157644
248204
304530
150162
206286
155535
154259
222820
268187
276970
207189
147069
243602
224009
155172
149403
148985
153474
162327
151310
162463
154960
147583
152515
219153
266842
272375
307237
217695
274816
150038
156200
219887
149843
149572
156766
175424
218995
