190487
177859
182519
195349
177518
194597
345393
354855
166565
198265
156889
191098
237105
200528
181453
247450
178030
170636
134838
126283
132861
138604
199174
2757580
180340
174205
194965
166369
195811
166779
168840
182329
248639
194042
181344
168840
159918
174587
188328
166272
208694
167582
171356
224227
154541
197540
182363
177587
181753
183513
196641
170179
170815
117321
167931
161889
166855
176731
107694
107918
119970
121905
118350
171360
173814
167548
117317
114341
126676
124309
175653
121804
115566
198853
129124
119351
181382
119481
164539
189549
130400
121765
122503
119368
123509
132024
121645
131245
196132
124814
131607
330196
183465
140416
120726
123750
218701
188173
176105
122204
182408
190779
175790
123236
120568
242152
128233
136807
122344
303669
131169
271212
178043
326880
158895
178819
182778
121282
118042
288221
118764
266591
171994
175987
203282
267440
170908
125136
122677
113153
125529
291655
181708
161107
190448
127073
204627
182287
123968
127200
122944
171864
178486
120584
177545
183363
164231
117468
119730
183688
388933
123939
129868
125669
138381
121730
120971
123670
119670
116384
120504
112274
128416
183789
114243
174196
104116
114199
162815
106313
104388
161376
174084
182086
202618
159300
104746
115187
112498
120908
159457
150453
105744
117432
121238
168025
237660
112819
109166
108889
111844
165317
109976
103981
162064
137720
124461
118982
102192
171344
172627
122309
132679
186142
197282
116500
119673
157259
166602
106983
109819
115574
125162
108846
126612
106182
117287
179663
109438
122155
112390
147853
170270
125195
162182
113988
183123
122752
119865
127410
110544
179169
121736
157593
193703
118626
219828
107017
110856
112019
112315
173973
110033
123663
113127
107874
110720
109701
112104
128308
111487
174555
156826
110809
109736
111559
110035
112106
121342
107352
112697
110912
124716
120272
123717
123389
105273
113832
119587
116154
115054
166476
125117
121820
164388
172462
147410
118133
135975
117035
262538
155442
109768
170735
182151
101641
115781
116465
116666
123527
114995
121754
114673
118626
167073
111590
112151
118437
115028
170920
123360
116457
116654
112902
120305
119543
123091
106292
168018
111525
184474
111406
111071
159962
148340
121552
116197
164121
147650
131316
185561
139634
127152
165698
163131
171243
111306
153434
148477
191945
154997
128012
113001
110560
154821
155975
181030
113642
146807
151152
145429
141713
169385
145449
168679
491134
350146
201312
168098
252071
176945
116251
264890
252429
170489
160592
116030
170024
109926
106572
154865
162295
150425
179241
120384
113297
252263
142274
154710
166773
112650
136029
157207
151435
157090
160698
159452
113077
161835
144275
185732
166138
165555
121772
112234
123621
152709
206743
106855
105731
192852
159764
109554
173384
239903
172741
169923
633176
174185
120681
168543
192128
122409
165874
124941
119243
164872
176895
157503
112374
132758
110508
119172
111194
168469
128217
162142
191631
109628
176072
172666
113707
165784
113909
158938
126922
107445
196194
133429
119064
184481
179125
172458
113507
165558
118996
110270
167377
158207
142516
113968
112311
165125
179101
156581
110034
299912
163927
183071
297480
113325
129527
109720
111720
162613
112323
114523
111053
109746
165959
176534
111653
182942
112556
110895
107862
177975
112826
126987
119262
120240
162449
161168
164527
177623
1079404
192186
161435
162188
121455
168015
190015
203052
134637
151563
146417
115805
165887
111394
119533
177857
117305
109815
120964
109018
110888
111067
108541
170230
162000
114711
224548
109202
114891
176083
109441
162941
110731
162494
117781
158534
117733
109363
163725
108342
169767
179106
105911
112826
108228
205981
177688
115799
108904
113286
132541
114367
110724
158079
108583
169532
120295
109224
116398
106833
115463
175049
118782
161600
111713
168798
118013
155581
115963
108279
144196
162907
173547
113800
117459
162684
159107
109250
120000
155716
113429
179191
169206
168220
145696
172738
166964
161001
165702
159789
288405
265783
313995
255676
175237
162034
157822
281987
105758
118080
116426
172879
115212
115343
113377
108915
112354
116453
169445
112946
119292
112042
116023
124621
115071
117696
110965
181362
166767
167805
118552
117098
122073
113431
112280
111882
129001
114487
117566
116149
124364
128292
173913
107980
202614
109121
108765
106056
163589
106943
268613
202685
167421
110407
1464482
120387
107375
269313
116472
113721
265070
176847
115440
114741
113926
120999
120857
124224
138890
183613
123453
122892
231460
121906
109020
109917
108303
188234
118447
110682
119170
164426
118267
105327
131247
168050
111793
170277
161548
114262
121025
119776
173301
110435
122796
171315
174387
160014
164312
105974
107170
111949
110734
114428
112974
121361
105117
176200
178638
109553
165839
131014
185235
176734
176153
166245
207310
122034
168406
117587
115403
113828
139406
105379
115739
105973
112405
117684
130312
112570
104779
110986
113314
106586
118524
259276
117518
112948
134279
111776
157490
172636
157442
110600
111995
118136
164217
111698
106665
117656
156415
115440
117130
121350
179928
191793
117807
124061
119368
183566
117369
123990
108752
158910
109311
163660
257766
264409
179461
116305
167795
156576
269668
286267
121088
158019
271069
116271
115559
106078
271612
113728
152538
270680
166198
120552
116940
111773
117911
111175
166454
114474
161999
267857
1319760
164449
116304
129804
175120
121005
240407
103844
123058
156445
180880
156455
182382
158720
130440
108640
117336
270440
266023
163325
253378
269548
114562
176936
169469
166964
181577
184252
270018
180168
117026
156412
176499
121922
109861
174163
280816
179936
202994
248898
112332
120596
252191
157100
289705
106950
267577
258107
109159
290756
166402
154588
176508
154585
171323
176509
114460
114109
255008
255404
280351
221103
116161
199762
166850
171367
129052
109082
113098
112600
214190
118977
112550
104617
301856
114238
118145
111968
118297
109247
168856
160874
181037
113078
159760
128979
109972
129762
112659
163695
121971
113188
114307
156806
120548
113159
162507
175420
112175
111310
126524
111457
116262
158721
131737
112568
113122
142901
150938
175894
165737
109622
112541
105586
147991
113504
114389
160683
167020
159922
118988
114757
102355
166842
164817
156579
149618
165822
122060
172706
174972
164043
155878
163269
110751
105955
115117
1264193
111585
120351
112611
104093
111635
117123
118527
107031
109795
108201
112716
119980
168362
120589
115086
118637
115835
171662
182273
164073
160799
115241
175601
209366
166673
175492
237625
113113
159060
162759
158264
159078
114899
116000
177720
116081
114547
178925
157249
110763
113079
116071
112308
105235
116616
162562
169361
169281
110401
113190
178595
166474
150809
170036
115732
117489
123351
113178
114682
116674
167994
111510
159034
157442
110039
170000
114879
109767
176805
172272
117445
185099
109564
122484
116668
115006
111659
187427
124460
114996
111539
127580
110728
183705
111606
118756
187740
178953
114083
119192
114106
177912
123391
114231
165599
121577
118759
173077
157730
180911
151472
178540
165513
